 &plot nbnd= 150, nks=    61 /
            0.000000  0.000000  0.000000
  -44.195  -44.195  -44.194  -44.194  -44.189  -44.189  -44.188  -44.188  -44.188  -44.188
  -44.187  -44.187  -44.164  -44.164  -44.161  -44.161  -44.159  -44.159  -44.159  -44.159
  -44.155  -44.155  -44.154  -44.154  -44.152  -44.152  -44.146  -44.146  -44.146  -44.146
  -44.095  -44.095  -44.093  -44.093  -44.058  -44.057  -44.053  -44.053  -44.042  -44.042
  -18.164  -18.158  -18.149  -18.148  -18.146  -18.143  -18.140  -18.139  -18.131  -18.131
  -18.124  -18.124  -18.122  -18.118  -18.118  -18.115  -18.115  -18.111  -18.111  -18.108
  -18.108  -18.107  -18.107  -18.096  -18.095  -18.091  -18.090  -18.084  -18.084  -18.082
  -18.077  -18.077  -18.064  -18.064  -18.060  -18.060  -18.058  -18.057  -18.052  -18.052
  -10.422  -10.342  -10.245  -10.191   -9.404   -9.278   -9.167   -9.112   -3.971   -3.779
   -3.504   -3.255   -2.208   -1.974   -1.833   -1.791   -1.327   -1.003   -0.588   -0.176
   -0.018    0.171    0.202    0.275    0.333    0.386    0.406    0.501    1.262    1.298
    1.317    1.430    1.490    1.584    1.674    1.900    2.486    2.680    2.855    2.902
    4.182    4.726    5.455    5.636    5.655    5.779    5.815    6.022    6.028    6.238
    6.503    6.622    6.767    6.812    7.097    7.125    7.241    7.418    7.632    7.889
    7.975    8.020    8.097    8.334    8.356    8.675    8.774    8.867    9.047    9.136
            0.025000  0.000000  0.000000
  -44.195  -44.195  -44.194  -44.194  -44.189  -44.189  -44.188  -44.188  -44.188  -44.188
  -44.187  -44.187  -44.165  -44.164  -44.161  -44.161  -44.159  -44.159  -44.159  -44.159
  -44.155  -44.155  -44.154  -44.154  -44.152  -44.152  -44.146  -44.146  -44.146  -44.146
  -44.095  -44.095  -44.093  -44.093  -44.058  -44.057  -44.053  -44.053  -44.042  -44.042
  -18.164  -18.158  -18.149  -18.148  -18.146  -18.143  -18.140  -18.139  -18.131  -18.131
  -18.124  -18.124  -18.122  -18.118  -18.118  -18.115  -18.115  -18.111  -18.111  -18.108
  -18.108  -18.107  -18.107  -18.096  -18.095  -18.091  -18.090  -18.084  -18.084  -18.082
  -18.077  -18.077  -18.064  -18.064  -18.060  -18.060  -18.058  -18.057  -18.052  -18.052
  -10.419  -10.339  -10.242  -10.188   -9.403   -9.277   -9.166   -9.111   -3.974   -3.782
   -3.509   -3.260   -2.214   -1.983   -1.845   -1.806   -1.325   -1.000   -0.584   -0.172
   -0.015    0.136    0.236    0.258    0.330    0.402    0.408    0.494    1.260    1.299
    1.319    1.416    1.507    1.578    1.667    1.909    2.488    2.682    2.854    2.900
    4.186    4.730    5.459    5.652    5.671    5.791    5.832    6.035    6.035    6.221
    6.492    6.592    6.770    6.773    7.047    7.130    7.255    7.379    7.649    7.886
    7.961    8.042    8.108    8.319    8.357    8.646    8.779    8.841    9.049    9.141
            0.050000  0.000000  0.000000
  -44.195  -44.195  -44.194  -44.194  -44.189  -44.189  -44.188  -44.188  -44.188  -44.188
  -44.187  -44.187  -44.165  -44.164  -44.161  -44.161  -44.159  -44.159  -44.159  -44.159
  -44.155  -44.155  -44.154  -44.154  -44.152  -44.152  -44.146  -44.146  -44.146  -44.146
  -44.095  -44.095  -44.093  -44.093  -44.058  -44.057  -44.053  -44.053  -44.042  -44.042
  -18.164  -18.158  -18.149  -18.147  -18.146  -18.143  -18.140  -18.140  -18.130  -18.130
  -18.124  -18.124  -18.122  -18.118  -18.117  -18.116  -18.115  -18.111  -18.111  -18.108
  -18.108  -18.107  -18.107  -18.095  -18.095  -18.091  -18.090  -18.084  -18.084  -18.082
  -18.077  -18.077  -18.065  -18.065  -18.060  -18.060  -18.058  -18.058  -18.052  -18.052
  -10.409  -10.329  -10.232  -10.178   -9.398   -9.273   -9.163   -9.109   -3.984   -3.793
   -3.521   -3.277   -2.230   -2.012   -1.883   -1.849   -1.319   -0.990   -0.572   -0.162
   -0.004    0.089    0.224    0.280    0.322    0.416    0.436    0.475    1.257    1.302
    1.326    1.393    1.540    1.565    1.647    1.937    2.495    2.690    2.854    2.895
    4.199    4.740    5.470    5.697    5.718    5.825    5.878    6.050    6.072    6.164
    6.446    6.528    6.689    6.781    6.925    7.147    7.275    7.280    7.687    7.822
    7.970    8.093    8.125    8.254    8.383    8.571    8.769    8.792    9.051    9.155
            0.075000  0.000000  0.000000
  -44.195  -44.195  -44.194  -44.194  -44.189  -44.189  -44.188  -44.188  -44.188  -44.188
  -44.187  -44.187  -44.165  -44.164  -44.161  -44.161  -44.159  -44.159  -44.159  -44.159
  -44.155  -44.155  -44.154  -44.154  -44.152  -44.152  -44.146  -44.146  -44.146  -44.146
  -44.095  -44.095  -44.093  -44.093  -44.058  -44.057  -44.053  -44.053  -44.042  -44.042
  -18.163  -18.157  -18.148  -18.147  -18.146  -18.143  -18.141  -18.140  -18.130  -18.130
  -18.124  -18.124  -18.122  -18.117  -18.117  -18.116  -18.116  -18.111  -18.111  -18.108
  -18.108  -18.107  -18.107  -18.095  -18.095  -18.091  -18.090  -18.084  -18.084  -18.082
  -18.077  -18.077  -18.065  -18.065  -18.060  -18.060  -18.058  -18.058  -18.052  -18.052
  -10.392  -10.312  -10.216  -10.163   -9.390   -9.267   -9.158   -9.106   -3.999   -3.810
   -3.542   -3.303   -2.258   -2.060   -1.944   -1.919   -1.308   -0.973   -0.553   -0.145
    0.014    0.044    0.187    0.298    0.332    0.432    0.446    0.475    1.253    1.302
    1.336    1.376    1.547    1.565    1.629    1.979    2.504    2.700    2.851    2.883
    4.220    4.758    5.482    5.763    5.779    5.864    5.944    6.003    6.129    6.134
    6.335    6.468    6.621    6.768    6.798    7.132    7.173    7.308    7.696    7.732
    8.002    8.079    8.145    8.216    8.410    8.463    8.663    8.808    9.046    9.178
            0.100000  0.000000  0.000000
  -44.195  -44.195  -44.194  -44.194  -44.189  -44.189  -44.188  -44.188  -44.188  -44.188
  -44.187  -44.187  -44.165  -44.164  -44.161  -44.161  -44.159  -44.159  -44.159  -44.159
  -44.155  -44.155  -44.154  -44.154  -44.152  -44.152  -44.146  -44.146  -44.146  -44.146
  -44.095  -44.095  -44.093  -44.093  -44.058  -44.057  -44.053  -44.053  -44.042  -44.042
  -18.162  -18.157  -18.147  -18.147  -18.146  -18.144  -18.141  -18.140  -18.129  -18.129
  -18.124  -18.124  -18.122  -18.117  -18.117  -18.116  -18.116  -18.111  -18.111  -18.109
  -18.108  -18.107  -18.107  -18.095  -18.095  -18.091  -18.090  -18.084  -18.084  -18.081
  -18.077  -18.077  -18.065  -18.065  -18.060  -18.060  -18.057  -18.057  -18.051  -18.051
  -10.369  -10.290  -10.195  -10.142   -9.380   -9.259   -9.152   -9.101   -4.021   -3.834
   -3.571   -3.340   -2.299   -2.126   -2.026   -2.013   -1.291   -0.949   -0.526   -0.121
    0.004    0.035    0.156    0.279    0.373    0.411    0.455    0.517    1.251    1.295
    1.345    1.373    1.531    1.550    1.649    2.032    2.514    2.711    2.845    2.866
    4.249    4.780    5.490    5.737    5.827    5.878    5.962    5.996    6.175    6.183
    6.229    6.419    6.582    6.606    6.821    6.976    7.210    7.343    7.542    7.777
    7.948    8.027    8.177    8.227    8.336    8.422    8.539    8.832    9.031    9.192
            0.125000  0.000000  0.000000
  -44.195  -44.195  -44.194  -44.194  -44.189  -44.189  -44.188  -44.188  -44.188  -44.188
  -44.187  -44.187  -44.165  -44.164  -44.161  -44.161  -44.159  -44.159  -44.159  -44.159
  -44.155  -44.155  -44.154  -44.154  -44.152  -44.152  -44.146  -44.146  -44.146  -44.146
  -44.095  -44.095  -44.093  -44.093  -44.058  -44.057  -44.053  -44.053  -44.042  -44.042
  -18.161  -18.156  -18.147  -18.147  -18.145  -18.144  -18.141  -18.141  -18.129  -18.129
  -18.124  -18.124  -18.122  -18.117  -18.117  -18.116  -18.116  -18.111  -18.111  -18.109
  -18.109  -18.107  -18.107  -18.095  -18.095  -18.092  -18.089  -18.085  -18.084  -18.081
  -18.077  -18.077  -18.065  -18.065  -18.060  -18.060  -18.057  -18.057  -18.051  -18.051
  -10.339  -10.261  -10.167  -10.115   -9.367   -9.249   -9.145   -9.097   -4.048   -3.864
   -3.608   -3.386   -2.353   -2.213   -2.127   -2.124   -1.267   -0.918   -0.491   -0.095
   -0.026    0.051    0.139    0.257    0.375    0.417    0.486    0.560    1.252    1.284
    1.351    1.381    1.513    1.524    1.692    2.090    2.524    2.721    2.833    2.839
    4.284    4.806    5.476    5.531    5.832    5.873    5.955    6.016    6.169    6.230
    6.290    6.379    6.478    6.558    6.830    6.854    7.256    7.358    7.403    7.787
    7.823    8.029    8.176    8.214    8.227    8.380    8.448    8.862    9.002    9.146
            0.150000  0.000000  0.000000
  -44.195  -44.195  -44.194  -44.194  -44.189  -44.189  -44.189  -44.188  -44.188  -44.188
  -44.187  -44.187  -44.165  -44.164  -44.161  -44.161  -44.159  -44.159  -44.159  -44.159
  -44.155  -44.155  -44.154  -44.154  -44.152  -44.152  -44.146  -44.146  -44.146  -44.146
  -44.095  -44.095  -44.093  -44.093  -44.058  -44.057  -44.053  -44.053  -44.042  -44.042
  -18.160  -18.156  -18.148  -18.146  -18.145  -18.144  -18.142  -18.141  -18.128  -18.128
  -18.124  -18.124  -18.122  -18.118  -18.117  -18.115  -18.115  -18.111  -18.111  -18.109
  -18.109  -18.107  -18.107  -18.095  -18.095  -18.092  -18.089  -18.085  -18.084  -18.081
  -18.077  -18.077  -18.066  -18.066  -18.061  -18.061  -18.057  -18.057  -18.051  -18.051
  -10.303  -10.226  -10.133  -10.083   -9.353   -9.238   -9.137   -9.092   -4.080   -3.899
   -3.651   -3.440   -2.421   -2.321   -2.247   -2.245   -1.236   -0.878   -0.448   -0.082
   -0.030    0.051    0.150    0.236    0.344    0.462    0.522    0.604    1.256    1.274
    1.351    1.392    1.478    1.530    1.739    2.151    2.532    2.728    2.805    2.816
    4.325    4.831    5.297    5.404    5.742    5.794    5.922    6.055    6.184    6.215
    6.348    6.351    6.440    6.566    6.715    6.902    7.208    7.314    7.443    7.624
    7.859    7.964    8.118    8.175    8.198    8.258    8.434    8.889    8.941    9.050
            0.175000  0.000000  0.000000
  -44.195  -44.195  -44.194  -44.194  -44.189  -44.189  -44.188  -44.188  -44.188  -44.188
  -44.187  -44.187  -44.164  -44.164  -44.161  -44.161  -44.159  -44.159  -44.159  -44.159
  -44.155  -44.155  -44.154  -44.154  -44.152  -44.152  -44.146  -44.146  -44.146  -44.146
  -44.095  -44.095  -44.093  -44.093  -44.057  -44.057  -44.053  -44.053  -44.042  -44.042
  -18.159  -18.156  -18.148  -18.147  -18.144  -18.143  -18.142  -18.141  -18.127  -18.127
  -18.124  -18.124  -18.122  -18.118  -18.118  -18.115  -18.115  -18.111  -18.111  -18.109
  -18.109  -18.107  -18.107  -18.095  -18.094  -18.093  -18.088  -18.085  -18.084  -18.081
  -18.078  -18.078  -18.066  -18.066  -18.062  -18.061  -18.056  -18.056  -18.050  -18.050
  -10.261  -10.186  -10.094  -10.045   -9.337   -9.226   -9.130   -9.088   -4.117   -3.940
   -3.699   -3.500   -2.504   -2.451   -2.373   -2.372   -1.195   -0.830   -0.397   -0.090
    0.003    0.042    0.176    0.221    0.327    0.508    0.565    0.651    1.263    1.267
    1.350    1.393    1.463    1.548    1.787    2.208    2.536    2.727    2.768    2.791
    4.370    4.832    5.082    5.251    5.650    5.670    5.869    6.036    6.139    6.165
    6.289    6.385    6.474    6.572    6.666    6.965    7.068    7.381    7.460    7.504
    7.830    7.885    8.088    8.117    8.138    8.152    8.428    8.875    8.898    8.976
            0.200000  0.000000  0.000000
  -44.195  -44.195  -44.194  -44.193  -44.189  -44.189  -44.188  -44.188  -44.188  -44.187
  -44.187  -44.187  -44.165  -44.164  -44.161  -44.161  -44.159  -44.159  -44.159  -44.159
  -44.155  -44.155  -44.154  -44.154  -44.152  -44.152  -44.146  -44.146  -44.146  -44.146
  -44.095  -44.095  -44.093  -44.093  -44.058  -44.057  -44.053  -44.053  -44.042  -44.042
  -18.158  -18.155  -18.149  -18.148  -18.144  -18.143  -18.142  -18.141  -18.126  -18.126
  -18.125  -18.124  -18.122  -18.119  -18.118  -18.114  -18.114  -18.111  -18.111  -18.109
  -18.109  -18.107  -18.107  -18.096  -18.094  -18.093  -18.088  -18.084  -18.084  -18.080
  -18.078  -18.078  -18.067  -18.067  -18.062  -18.062  -18.056  -18.056  -18.050  -18.050
  -10.214  -10.140  -10.050  -10.003   -9.321   -9.214   -9.123   -9.085   -4.157   -3.983
   -3.752   -3.564   -2.602   -2.600   -2.508   -2.500   -1.145   -0.775   -0.339   -0.095
    0.036    0.045    0.196    0.217    0.337    0.554    0.612    0.700    1.264    1.271
    1.351    1.376    1.473    1.575    1.833    2.256    2.534    2.693    2.754    2.761
    4.419    4.721    4.980    5.063    5.481    5.582    5.811    5.963    6.056    6.071
    6.239    6.368    6.482    6.518    6.679    6.933    7.055    7.307    7.457    7.569
    7.675    7.880    7.972    8.031    8.086    8.100    8.429    8.883    8.915    8.960
            0.225000  0.000000  0.000000
  -44.195  -44.195  -44.193  -44.193  -44.189  -44.189  -44.188  -44.188  -44.187  -44.187
  -44.187  -44.187  -44.165  -44.164  -44.161  -44.161  -44.159  -44.159  -44.159  -44.159
  -44.155  -44.155  -44.154  -44.154  -44.152  -44.152  -44.146  -44.146  -44.146  -44.145
  -44.095  -44.095  -44.093  -44.093  -44.058  -44.057  -44.053  -44.053  -44.042  -44.042
  -18.157  -18.155  -18.149  -18.149  -18.143  -18.142  -18.141  -18.141  -18.126  -18.126
  -18.125  -18.124  -18.122  -18.119  -18.117  -18.114  -18.114  -18.112  -18.112  -18.109
  -18.109  -18.107  -18.107  -18.097  -18.094  -18.093  -18.087  -18.084  -18.083  -18.080
  -18.078  -18.078  -18.067  -18.067  -18.063  -18.063  -18.055  -18.055  -18.050  -18.050
  -10.162  -10.089  -10.001   -9.957   -9.305   -9.204   -9.117   -9.084   -4.198   -4.029
   -3.806   -3.629   -2.759   -2.718   -2.641   -2.632   -1.087   -0.712   -0.274   -0.091
    0.037    0.086    0.203    0.229    0.380    0.600    0.665    0.751    1.263    1.277
    1.357    1.359    1.496    1.605    1.876    2.290    2.523    2.638    2.725    2.755
    4.464    4.519    4.878    4.966    5.325    5.450    5.761    5.855    5.943    5.969
    6.170    6.299    6.443    6.449    6.654    6.845    7.106    7.173    7.508    7.537
    7.622    7.763    7.865    7.933    8.029    8.074    8.454    8.987    8.990    9.024
            0.250000  0.000000  0.000000
  -44.195  -44.195  -44.193  -44.193  -44.189  -44.189  -44.188  -44.188  -44.187  -44.187
  -44.187  -44.187  -44.165  -44.164  -44.161  -44.161  -44.159  -44.159  -44.159  -44.159
  -44.155  -44.155  -44.154  -44.154  -44.152  -44.152  -44.146  -44.146  -44.146  -44.145
  -44.095  -44.095  -44.093  -44.093  -44.058  -44.057  -44.053  -44.053  -44.042  -44.042
  -18.156  -18.156  -18.150  -18.150  -18.143  -18.142  -18.140  -18.140  -18.126  -18.125
  -18.125  -18.124  -18.122  -18.119  -18.117  -18.115  -18.113  -18.112  -18.112  -18.108
  -18.108  -18.107  -18.106  -18.097  -18.093  -18.093  -18.086  -18.084  -18.083  -18.080
  -18.078  -18.078  -18.068  -18.068  -18.063  -18.063  -18.054  -18.054  -18.050  -18.050
  -10.105  -10.034   -9.949   -9.906   -9.290   -9.195   -9.114   -9.086   -4.240   -4.075
   -3.860   -3.694   -2.923   -2.854   -2.767   -2.767   -1.019   -0.642   -0.203   -0.078
    0.048    0.123    0.208    0.261    0.443    0.643    0.723    0.804    1.262    1.279
    1.342    1.374    1.521    1.637    1.913    2.303    2.501    2.577    2.687    2.756
    4.319    4.485    4.733    4.921    5.226    5.294    5.683    5.725    5.806    5.903
    6.066    6.203    6.346    6.384    6.570    6.774    7.054    7.124    7.330    7.560
    7.609    7.638    7.792    7.822    7.990    8.066    8.506    9.110    9.160    9.191
            0.275000  0.000000  0.000000
  -44.195  -44.195  -44.193  -44.193  -44.189  -44.189  -44.188  -44.188  -44.187  -44.187
  -44.187  -44.187  -44.164  -44.164  -44.161  -44.161  -44.159  -44.159  -44.159  -44.159
  -44.155  -44.155  -44.154  -44.154  -44.152  -44.152  -44.146  -44.146  -44.146  -44.145
  -44.095  -44.095  -44.093  -44.093  -44.057  -44.057  -44.053  -44.053  -44.042  -44.042
  -18.156  -18.155  -18.151  -18.150  -18.143  -18.141  -18.139  -18.138  -18.126  -18.126
  -18.126  -18.124  -18.122  -18.119  -18.117  -18.115  -18.113  -18.112  -18.112  -18.108
  -18.108  -18.106  -18.106  -18.098  -18.093  -18.093  -18.086  -18.084  -18.083  -18.080
  -18.079  -18.079  -18.068  -18.068  -18.064  -18.064  -18.054  -18.054  -18.049  -18.049
  -10.043   -9.975   -9.893   -9.853   -9.277   -9.189   -9.114   -9.092   -4.280   -4.118
   -3.912   -3.755   -3.087   -3.001   -2.905   -2.890   -0.943   -0.565   -0.125   -0.055
    0.067    0.155    0.221    0.311    0.518    0.681    0.786    0.856    1.258    1.279
    1.333    1.395    1.549    1.668    1.943    2.292    2.468    2.517    2.646    2.749
    4.148    4.430    4.688    4.817    5.136    5.196    5.572    5.577    5.683    5.842
    5.937    6.104    6.238    6.288    6.449    6.716    6.933    7.079    7.170    7.352
    7.590    7.605    7.708    7.791    7.965    8.094    8.577    9.272    9.345    9.387
            0.300000  0.000000  0.000000
  -44.195  -44.195  -44.193  -44.193  -44.189  -44.189  -44.188  -44.188  -44.187  -44.187
  -44.187  -44.187  -44.164  -44.164  -44.161  -44.161  -44.159  -44.159  -44.159  -44.159
  -44.155  -44.155  -44.154  -44.154  -44.152  -44.152  -44.146  -44.146  -44.146  -44.145
  -44.095  -44.095  -44.093  -44.093  -44.057  -44.057  -44.053  -44.053  -44.042  -44.042
  -18.157  -18.155  -18.152  -18.151  -18.143  -18.140  -18.138  -18.137  -18.127  -18.127
  -18.126  -18.124  -18.121  -18.120  -18.117  -18.115  -18.113  -18.112  -18.112  -18.107
  -18.107  -18.106  -18.105  -18.100  -18.093  -18.092  -18.085  -18.084  -18.083  -18.080
  -18.079  -18.079  -18.069  -18.068  -18.064  -18.064  -18.053  -18.053  -18.049  -18.049
   -9.979   -9.913   -9.834   -9.797   -9.268   -9.187   -9.118   -9.101   -4.316   -4.158
   -3.958   -3.809   -3.249   -3.150   -3.043   -3.012   -0.859   -0.481   -0.044   -0.025
    0.096    0.190    0.243    0.371    0.600    0.712    0.851    0.906    1.248    1.275
    1.329    1.418    1.576    1.695    1.967    2.262    2.425    2.461    2.599    2.722
    4.021    4.332    4.694    4.715    4.988    5.183    5.421    5.449    5.593    5.755
    5.799    5.998    6.146    6.167    6.327    6.655    6.799    6.906    7.117    7.145
    7.493    7.534    7.596    7.851    7.963    8.157    8.661    9.388    9.490    9.634
            0.325000  0.000000  0.000000
  -44.195  -44.195  -44.193  -44.193  -44.189  -44.189  -44.188  -44.188  -44.187  -44.187
  -44.187  -44.187  -44.164  -44.164  -44.161  -44.161  -44.159  -44.159  -44.159  -44.159
  -44.155  -44.155  -44.154  -44.154  -44.152  -44.152  -44.146  -44.146  -44.146  -44.145
  -44.095  -44.095  -44.093  -44.093  -44.058  -44.057  -44.053  -44.053  -44.042  -44.042
  -18.157  -18.155  -18.153  -18.152  -18.142  -18.139  -18.137  -18.136  -18.128  -18.128
  -18.126  -18.124  -18.121  -18.120  -18.117  -18.115  -18.113  -18.112  -18.111  -18.107
  -18.107  -18.105  -18.105  -18.101  -18.092  -18.092  -18.085  -18.084  -18.083  -18.079
  -18.079  -18.079  -18.069  -18.069  -18.065  -18.064  -18.052  -18.052  -18.049  -18.049
   -9.911   -9.848   -9.772   -9.740   -9.262   -9.190   -9.127   -9.115   -4.346   -4.190
   -3.997   -3.855   -3.407   -3.297   -3.179   -3.132   -0.768   -0.392    0.010    0.042
    0.132    0.229    0.276    0.434    0.688    0.735    0.918    0.950    1.230    1.267
    1.327    1.441    1.605    1.718    1.985    2.219    2.375    2.407    2.542    2.665
    3.948    4.252    4.581    4.745    4.860    5.137    5.273    5.326    5.555    5.648
    5.665    5.871    6.034    6.059    6.246    6.572    6.655    6.709    6.951    7.098
    7.383    7.427    7.505    7.856    8.038    8.243    8.756    9.474    9.598    9.806
            0.350000  0.000000  0.000000
  -44.195  -44.195  -44.193  -44.193  -44.189  -44.189  -44.188  -44.188  -44.187  -44.187
  -44.187  -44.187  -44.165  -44.164  -44.161  -44.161  -44.159  -44.159  -44.159  -44.159
  -44.155  -44.155  -44.154  -44.154  -44.152  -44.152  -44.146  -44.146  -44.146  -44.145
  -44.095  -44.095  -44.093  -44.093  -44.058  -44.057  -44.053  -44.053  -44.042  -44.042
  -18.158  -18.155  -18.154  -18.153  -18.141  -18.138  -18.136  -18.135  -18.128  -18.128
  -18.126  -18.124  -18.121  -18.120  -18.117  -18.115  -18.113  -18.112  -18.111  -18.106
  -18.106  -18.104  -18.104  -18.102  -18.092  -18.092  -18.084  -18.084  -18.083  -18.080
  -18.080  -18.079  -18.069  -18.069  -18.065  -18.065  -18.052  -18.052  -18.048  -18.048
   -9.841   -9.782   -9.710   -9.681   -9.261   -9.199   -9.141   -9.134   -4.367   -4.214
   -4.026   -3.891   -3.558   -3.439   -3.310   -3.251   -0.671   -0.298    0.046    0.129
    0.175    0.274    0.318    0.496    0.748    0.779    0.983    0.984    1.203    1.253
    1.325    1.461    1.635    1.736    1.998    2.174    2.323    2.352    2.472    2.578
    3.931    4.206    4.492    4.702    4.810    5.037    5.151    5.206    5.529    5.547
    5.579    5.738    5.903    5.955    6.205    6.456    6.512    6.525    6.785    7.096
    7.273    7.302    7.431    7.823    8.159    8.347    8.859    9.551    9.678    9.880
            0.375000  0.000000  0.000000
  -44.195  -44.195  -44.193  -44.193  -44.189  -44.189  -44.188  -44.188  -44.187  -44.187
  -44.187  -44.187  -44.165  -44.164  -44.161  -44.161  -44.159  -44.159  -44.159  -44.159
  -44.155  -44.155  -44.154  -44.154  -44.152  -44.152  -44.146  -44.146  -44.146  -44.145
  -44.095  -44.095  -44.093  -44.093  -44.058  -44.058  -44.053  -44.053  -44.042  -44.042
  -18.158  -18.156  -18.154  -18.153  -18.140  -18.138  -18.135  -18.134  -18.129  -18.129
  -18.126  -18.124  -18.121  -18.120  -18.117  -18.115  -18.113  -18.113  -18.110  -18.106
  -18.105  -18.104  -18.104  -18.103  -18.092  -18.092  -18.084  -18.083  -18.082  -18.080
  -18.080  -18.079  -18.070  -18.070  -18.065  -18.065  -18.051  -18.051  -18.048  -18.048
   -9.770   -9.715   -9.648   -9.623   -9.267   -9.216   -9.161   -9.158   -4.378   -4.227
   -4.044   -3.914   -3.700   -3.574   -3.436   -3.365   -0.570   -0.200    0.078    0.206
    0.228    0.323    0.367    0.552    0.754    0.870    1.005    1.043    1.168    1.236
    1.322    1.476    1.671    1.751    2.009    2.134    2.270    2.297    2.390    2.469
    3.959    4.198    4.431    4.609    4.804    4.909    5.053    5.089    5.425    5.471
    5.608    5.615    5.787    5.859    6.152    6.308    6.371    6.383    6.665    7.086
    7.170    7.194    7.368    7.779    8.295    8.462    8.969    9.606    9.769    9.911
            0.400000  0.000000  0.000000
  -44.195  -44.195  -44.193  -44.193  -44.189  -44.189  -44.188  -44.188  -44.187  -44.187
  -44.187  -44.187  -44.165  -44.164  -44.161  -44.161  -44.159  -44.159  -44.159  -44.159
  -44.155  -44.155  -44.154  -44.154  -44.152  -44.152  -44.146  -44.146  -44.146  -44.145
  -44.095  -44.095  -44.093  -44.093  -44.058  -44.057  -44.053  -44.053  -44.042  -44.042
  -18.158  -18.156  -18.155  -18.154  -18.139  -18.137  -18.135  -18.134  -18.130  -18.130
  -18.126  -18.124  -18.121  -18.121  -18.117  -18.115  -18.113  -18.113  -18.109  -18.105
  -18.105  -18.104  -18.103  -18.103  -18.092  -18.091  -18.083  -18.083  -18.082  -18.081
  -18.081  -18.079  -18.070  -18.070  -18.065  -18.065  -18.051  -18.051  -18.048  -18.048
   -9.698   -9.648   -9.586   -9.566   -9.279   -9.242   -9.186   -9.185   -4.377   -4.228
   -4.048   -3.923   -3.831   -3.700   -3.553   -3.473   -0.465   -0.102    0.098    0.252
    0.306    0.374    0.420    0.598    0.759    0.957    1.014    1.088    1.123    1.223
    1.321    1.480    1.714    1.765    2.016    2.106    2.221    2.238    2.301    2.353
    4.020    4.226    4.399    4.529    4.772    4.782    4.962    4.971    5.336    5.427
    5.511    5.641    5.696    5.787    6.062    6.166    6.237    6.274    6.607    6.995
    7.077    7.162    7.327    7.729    8.440    8.585    9.082    9.628    9.880    9.910
            0.425000  0.000000  0.000000
  -44.195  -44.195  -44.193  -44.193  -44.189  -44.189  -44.189  -44.188  -44.187  -44.187
  -44.187  -44.187  -44.165  -44.164  -44.161  -44.161  -44.159  -44.159  -44.159  -44.159
  -44.155  -44.155  -44.154  -44.154  -44.152  -44.152  -44.146  -44.146  -44.146  -44.145
  -44.095  -44.095  -44.093  -44.093  -44.058  -44.057  -44.053  -44.053  -44.042  -44.042
  -18.159  -18.157  -18.155  -18.154  -18.138  -18.136  -18.134  -18.133  -18.130  -18.130
  -18.126  -18.124  -18.121  -18.121  -18.116  -18.115  -18.113  -18.113  -18.109  -18.105
  -18.104  -18.104  -18.103  -18.103  -18.091  -18.091  -18.083  -18.083  -18.081  -18.081
  -18.081  -18.079  -18.070  -18.070  -18.065  -18.065  -18.050  -18.050  -18.048  -18.048
   -9.627   -9.583   -9.527   -9.511   -9.299   -9.277   -9.216   -9.216   -4.362   -4.214
   -4.039   -3.952   -3.916   -3.814   -3.661   -3.573   -0.358   -0.004    0.097    0.283
    0.382    0.423    0.476    0.629    0.770    0.997    1.049    1.073    1.099    1.228
    1.325    1.469    1.767    1.786    2.017    2.088    2.176    2.176    2.212    2.246
    4.103    4.282    4.396    4.469    4.669    4.710    4.855    4.871    5.273    5.399
    5.439    5.633    5.649    5.745    5.951    6.061    6.121    6.188    6.594    6.876
    7.003    7.132    7.331    7.673    8.590    8.710    9.191    9.608    9.873   10.008
            0.450000  0.000000  0.000000
  -44.195  -44.195  -44.193  -44.193  -44.189  -44.189  -44.189  -44.188  -44.187  -44.187
  -44.187  -44.187  -44.165  -44.164  -44.161  -44.161  -44.159  -44.159  -44.159  -44.159
  -44.155  -44.155  -44.154  -44.154  -44.152  -44.152  -44.146  -44.146  -44.146  -44.145
  -44.095  -44.095  -44.093  -44.093  -44.058  -44.058  -44.054  -44.053  -44.042  -44.042
  -18.159  -18.158  -18.155  -18.155  -18.138  -18.136  -18.134  -18.133  -18.131  -18.130
  -18.125  -18.124  -18.121  -18.121  -18.116  -18.115  -18.113  -18.113  -18.108  -18.105
  -18.104  -18.104  -18.103  -18.103  -18.091  -18.091  -18.083  -18.083  -18.081  -18.081
  -18.081  -18.079  -18.070  -18.070  -18.065  -18.065  -18.050  -18.050  -18.048  -18.047
   -9.558   -9.521   -9.472   -9.461   -9.327   -9.320   -9.249   -9.249   -4.333   -4.186
   -4.057   -4.015   -3.914   -3.897   -3.756   -3.662   -0.253    0.067    0.091    0.295
    0.445    0.466    0.529    0.642    0.794    0.990    1.015    1.078    1.120    1.243
    1.341    1.447    1.819    1.827    2.004    2.070    2.112    2.115    2.159    2.167
    4.199    4.359    4.418    4.435    4.579    4.624    4.745    4.774    5.241    5.354
    5.420    5.592    5.626    5.736    5.843    5.974    6.064    6.132    6.597    6.768
    6.960    7.082    7.372    7.614    8.738    8.828    9.282    9.539    9.820   10.029
            0.475000  0.000000  0.000000
  -44.195  -44.195  -44.193  -44.193  -44.189  -44.189  -44.189  -44.188  -44.187  -44.187
  -44.187  -44.187  -44.164  -44.164  -44.161  -44.161  -44.159  -44.159  -44.159  -44.159
  -44.155  -44.155  -44.154  -44.154  -44.152  -44.152  -44.146  -44.146  -44.146  -44.145
  -44.095  -44.095  -44.093  -44.093  -44.058  -44.057  -44.054  -44.053  -44.042  -44.042
  -18.159  -18.158  -18.155  -18.155  -18.137  -18.136  -18.133  -18.133  -18.131  -18.131
  -18.125  -18.125  -18.121  -18.121  -18.116  -18.115  -18.113  -18.113  -18.107  -18.106
  -18.104  -18.104  -18.103  -18.103  -18.091  -18.091  -18.083  -18.083  -18.081  -18.081
  -18.080  -18.080  -18.071  -18.071  -18.065  -18.065  -18.050  -18.050  -18.047  -18.047
   -9.492   -9.463   -9.425   -9.419   -9.371   -9.364   -9.281   -9.281   -4.288   -4.155
   -4.136   -4.015   -3.964   -3.871   -3.830   -3.740   -0.153    0.014    0.173    0.281
    0.488    0.495    0.576    0.637    0.834    0.944    1.003    1.047    1.175    1.241
    1.368    1.423    1.864    1.891    1.971    2.021    2.057    2.065    2.134    2.140
    4.303    4.416    4.445    4.460    4.523    4.531    4.648    4.669    5.241    5.306
    5.433    5.532    5.633    5.743    5.764    5.883    6.068    6.103    6.605    6.683
    6.954    7.027    7.428    7.552    8.869    8.920    9.336    9.443    9.801    9.930
            0.500000  0.000000  0.000000
  -44.195  -44.195  -44.193  -44.193  -44.189  -44.189  -44.189  -44.188  -44.187  -44.187
  -44.187  -44.187  -44.164  -44.164  -44.161  -44.161  -44.159  -44.159  -44.159  -44.159
  -44.155  -44.155  -44.154  -44.154  -44.152  -44.152  -44.146  -44.146  -44.146  -44.145
  -44.095  -44.095  -44.093  -44.093  -44.058  -44.058  -44.054  -44.053  -44.042  -44.042
  -18.159  -18.158  -18.155  -18.155  -18.137  -18.137  -18.133  -18.133  -18.131  -18.131
  -18.125  -18.125  -18.122  -18.121  -18.116  -18.116  -18.113  -18.113  -18.107  -18.107
  -18.104  -18.104  -18.103  -18.103  -18.091  -18.091  -18.083  -18.083  -18.081  -18.081
  -18.080  -18.080  -18.071  -18.071  -18.065  -18.065  -18.050  -18.050  -18.047  -18.047
   -9.430   -9.430   -9.411   -9.411   -9.399   -9.399   -9.298   -9.298   -4.227   -4.227
   -4.083   -4.083   -3.916   -3.916   -3.803   -3.803   -0.062   -0.062    0.238    0.238
    0.504    0.504    0.613    0.613    0.886    0.886    1.019    1.019    1.216    1.216
    1.398    1.398    1.919    1.919    1.957    1.957    2.042    2.042    2.132    2.132
    4.407    4.407    4.436    4.436    4.561    4.561    4.570    4.570    5.266    5.266
    5.472    5.472    5.676    5.676    5.810    5.810    6.085    6.085    6.629    6.629
    6.981    6.981    7.489    7.489    8.943    8.943    9.371    9.371    9.845    9.845
            0.500000  0.021944  0.000000
  -44.195  -44.195  -44.193  -44.193  -44.189  -44.189  -44.189  -44.188  -44.187  -44.187
  -44.187  -44.187  -44.165  -44.164  -44.161  -44.161  -44.159  -44.159  -44.159  -44.159
  -44.155  -44.155  -44.154  -44.154  -44.152  -44.152  -44.146  -44.146  -44.146  -44.145
  -44.095  -44.095  -44.093  -44.093  -44.058  -44.058  -44.054  -44.053  -44.042  -44.042
  -18.159  -18.159  -18.155  -18.155  -18.137  -18.137  -18.133  -18.133  -18.131  -18.131
  -18.125  -18.125  -18.122  -18.122  -18.116  -18.116  -18.113  -18.113  -18.107  -18.107
  -18.104  -18.104  -18.103  -18.103  -18.091  -18.091  -18.083  -18.083  -18.081  -18.081
  -18.080  -18.080  -18.071  -18.071  -18.065  -18.065  -18.050  -18.050  -18.047  -18.047
   -9.429   -9.429   -9.411   -9.411   -9.398   -9.398   -9.297   -9.297   -4.224   -4.224
   -4.081   -4.081   -3.914   -3.914   -3.802   -3.802   -0.066   -0.066    0.228    0.228
    0.487    0.487    0.596    0.596    0.860    0.860    1.005    1.005    1.220    1.220
    1.402    1.402    1.920    1.920    1.948    1.948    2.046    2.046    2.135    2.135
    4.361    4.361    4.478    4.478    4.541    4.541    4.589    4.589    5.288    5.288
    5.502    5.502    5.715    5.715    5.849    5.849    6.091    6.091    6.636    6.636
    6.981    6.981    7.484    7.484    8.944    8.944    9.373    9.373    9.842    9.842
            0.500000  0.043888  0.000000
  -44.195  -44.195  -44.193  -44.193  -44.189  -44.189  -44.189  -44.188  -44.187  -44.187
  -44.187  -44.187  -44.165  -44.165  -44.161  -44.161  -44.159  -44.159  -44.159  -44.159
  -44.155  -44.155  -44.154  -44.154  -44.152  -44.152  -44.146  -44.146  -44.146  -44.145
  -44.095  -44.095  -44.093  -44.093  -44.058  -44.058  -44.054  -44.053  -44.042  -44.042
  -18.159  -18.159  -18.155  -18.155  -18.137  -18.137  -18.133  -18.133  -18.131  -18.131
  -18.125  -18.125  -18.122  -18.122  -18.116  -18.116  -18.113  -18.113  -18.107  -18.107
  -18.104  -18.104  -18.103  -18.103  -18.091  -18.091  -18.083  -18.083  -18.081  -18.081
  -18.080  -18.080  -18.071  -18.071  -18.065  -18.065  -18.050  -18.050  -18.047  -18.047
   -9.427   -9.427   -9.408   -9.408   -9.395   -9.395   -9.294   -9.294   -4.216   -4.216
   -4.074   -4.074   -3.908   -3.908   -3.797   -3.797   -0.082   -0.082    0.197    0.197
    0.435    0.435    0.547    0.547    0.799    0.799    0.966    0.966    1.218    1.218
    1.408    1.408    1.903    1.903    1.937    1.937    2.056    2.056    2.151    2.151
    4.299    4.299    4.500    4.500    4.554    4.554    4.616    4.616    5.359    5.359
    5.589    5.589    5.819    5.820    5.957    5.957    6.109    6.109    6.657    6.657
    6.981    6.981    7.468    7.468    8.947    8.947    9.379    9.379    9.830    9.830
            0.500000  0.065832  0.000000
  -44.195  -44.195  -44.193  -44.193  -44.189  -44.189  -44.189  -44.188  -44.187  -44.187
  -44.187  -44.187  -44.165  -44.165  -44.161  -44.161  -44.159  -44.159  -44.159  -44.159
  -44.155  -44.155  -44.154  -44.154  -44.152  -44.152  -44.146  -44.146  -44.146  -44.145
  -44.095  -44.095  -44.093  -44.093  -44.058  -44.058  -44.053  -44.053  -44.042  -44.042
  -18.159  -18.159  -18.155  -18.155  -18.137  -18.137  -18.133  -18.133  -18.131  -18.131
  -18.125  -18.125  -18.122  -18.122  -18.115  -18.115  -18.113  -18.113  -18.107  -18.107
  -18.104  -18.104  -18.103  -18.103  -18.091  -18.091  -18.083  -18.083  -18.081  -18.081
  -18.080  -18.080  -18.071  -18.071  -18.065  -18.065  -18.050  -18.050  -18.047  -18.047
   -9.422   -9.422   -9.404   -9.404   -9.391   -9.391   -9.290   -9.290   -4.203   -4.203
   -4.062   -4.062   -3.898   -3.898   -3.789   -3.789   -0.109   -0.109    0.145    0.145
    0.353    0.353    0.471    0.471    0.729    0.729    0.915    0.915    1.199    1.199
    1.401    1.401    1.855    1.855    1.928    1.928    2.063    2.063    2.184    2.184
    4.241    4.241    4.490    4.490    4.622    4.622    4.671    4.671    5.477    5.477
    5.719    5.720    5.964    5.964    6.096    6.096    6.156    6.156    6.698    6.698
    6.983    6.983    7.444    7.444    8.951    8.951    9.388    9.388    9.799    9.799
            0.500000  0.087776  0.000000
  -44.195  -44.195  -44.193  -44.193  -44.189  -44.189  -44.189  -44.188  -44.187  -44.187
  -44.187  -44.187  -44.165  -44.165  -44.161  -44.161  -44.159  -44.159  -44.159  -44.159
  -44.155  -44.155  -44.154  -44.154  -44.152  -44.152  -44.146  -44.146  -44.146  -44.145
  -44.095  -44.095  -44.093  -44.093  -44.058  -44.058  -44.053  -44.053  -44.042  -44.042
  -18.159  -18.159  -18.156  -18.156  -18.137  -18.137  -18.134  -18.134  -18.131  -18.131
  -18.125  -18.125  -18.122  -18.122  -18.115  -18.115  -18.113  -18.113  -18.106  -18.106
  -18.104  -18.104  -18.103  -18.103  -18.091  -18.091  -18.083  -18.083  -18.081  -18.081
  -18.080  -18.080  -18.071  -18.070  -18.065  -18.065  -18.050  -18.050  -18.047  -18.047
   -9.416   -9.416   -9.398   -9.398   -9.386   -9.386   -9.285   -9.285   -4.185   -4.185
   -4.046   -4.046   -3.885   -3.885   -3.777   -3.777   -0.151   -0.151    0.073    0.073
    0.250    0.250    0.378    0.378    0.659    0.659    0.859    0.859    1.163    1.163
    1.369    1.369    1.791    1.791    1.900    1.900    2.065    2.065    2.228    2.228
    4.199    4.199    4.499    4.499    4.703    4.703    4.771    4.771    5.631    5.631
    5.875    5.875    6.103    6.103    6.202    6.202    6.300    6.300    6.766    6.766
    6.994    6.994    7.414    7.414    8.956    8.957    9.398    9.398    9.738    9.738
            0.500000  0.109720  0.000000
  -44.195  -44.195  -44.193  -44.193  -44.189  -44.189  -44.188  -44.188  -44.187  -44.187
  -44.187  -44.187  -44.165  -44.165  -44.161  -44.161  -44.159  -44.159  -44.159  -44.159
  -44.155  -44.155  -44.154  -44.154  -44.152  -44.152  -44.146  -44.146  -44.146  -44.146
  -44.095  -44.095  -44.093  -44.093  -44.058  -44.058  -44.053  -44.053  -44.042  -44.042
  -18.159  -18.159  -18.156  -18.156  -18.137  -18.137  -18.134  -18.134  -18.131  -18.131
  -18.125  -18.124  -18.122  -18.122  -18.115  -18.115  -18.113  -18.113  -18.106  -18.106
  -18.104  -18.104  -18.103  -18.103  -18.091  -18.091  -18.082  -18.082  -18.081  -18.081
  -18.080  -18.080  -18.070  -18.070  -18.065  -18.065  -18.050  -18.050  -18.047  -18.047
   -9.408   -9.408   -9.391   -9.391   -9.379   -9.379   -9.278   -9.278   -4.162   -4.162
   -4.025   -4.025   -3.868   -3.867   -3.763   -3.763   -0.210   -0.210   -0.017   -0.017
    0.136    0.136    0.276    0.276    0.590    0.590    0.801    0.801    1.111    1.111
    1.310    1.310    1.718    1.718    1.856    1.856    2.060    2.060    2.266    2.266
    4.185    4.185    4.539    4.539    4.808    4.808    4.911    4.911    5.806    5.806
    6.024    6.024    6.205    6.205    6.349    6.349    6.474    6.475    6.874    6.874
    7.023    7.023    7.384    7.384    8.962    8.962    9.405    9.405    9.657    9.657
            0.500000  0.131663  0.000000
  -44.195  -44.195  -44.193  -44.193  -44.189  -44.189  -44.188  -44.188  -44.187  -44.187
  -44.187  -44.187  -44.165  -44.165  -44.161  -44.161  -44.159  -44.159  -44.159  -44.159
  -44.155  -44.155  -44.154  -44.154  -44.152  -44.152  -44.146  -44.146  -44.146  -44.145
  -44.095  -44.095  -44.093  -44.093  -44.058  -44.058  -44.053  -44.053  -44.042  -44.042
  -18.160  -18.160  -18.156  -18.156  -18.137  -18.137  -18.134  -18.134  -18.131  -18.131
  -18.124  -18.124  -18.123  -18.122  -18.115  -18.115  -18.113  -18.113  -18.106  -18.106
  -18.104  -18.103  -18.103  -18.103  -18.091  -18.091  -18.082  -18.082  -18.080  -18.080
  -18.080  -18.080  -18.070  -18.070  -18.065  -18.065  -18.050  -18.050  -18.047  -18.047
   -9.399   -9.399   -9.382   -9.382   -9.371   -9.371   -9.270   -9.270   -4.135   -4.135
   -4.001   -4.001   -3.847   -3.847   -3.747   -3.747   -0.289   -0.289   -0.119   -0.119
    0.022    0.022    0.169    0.169    0.522    0.522    0.738    0.738    1.047    1.047
    1.230    1.230    1.641    1.641    1.802    1.802    2.047    2.047    2.289    2.289
    4.208    4.208    4.609    4.609    4.940    4.940    5.079    5.079    5.975    5.975
    6.142    6.142    6.332    6.332    6.491    6.491    6.649    6.649    7.023    7.023
    7.090    7.090    7.365    7.365    8.965    8.965    9.397    9.397    9.590    9.590
            0.500000  0.153607  0.000000
  -44.195  -44.195  -44.193  -44.193  -44.189  -44.189  -44.188  -44.188  -44.187  -44.187
  -44.187  -44.187  -44.165  -44.165  -44.161  -44.161  -44.159  -44.159  -44.159  -44.159
  -44.155  -44.155  -44.154  -44.154  -44.152  -44.152  -44.146  -44.146  -44.146  -44.145
  -44.095  -44.095  -44.093  -44.093  -44.058  -44.058  -44.053  -44.053  -44.042  -44.042
  -18.160  -18.160  -18.157  -18.157  -18.137  -18.137  -18.134  -18.134  -18.131  -18.131
  -18.124  -18.124  -18.123  -18.123  -18.115  -18.115  -18.113  -18.113  -18.106  -18.106
  -18.104  -18.103  -18.103  -18.103  -18.091  -18.091  -18.082  -18.082  -18.080  -18.080
  -18.080  -18.080  -18.070  -18.070  -18.065  -18.065  -18.050  -18.050  -18.047  -18.047
   -9.389   -9.389   -9.373   -9.373   -9.362   -9.362   -9.261   -9.261   -4.103   -4.103
   -3.973   -3.973   -3.824   -3.824   -3.728   -3.728   -0.386   -0.386   -0.229   -0.229
   -0.086   -0.086    0.062    0.062    0.453    0.453    0.670    0.670    0.970    0.970
    1.137    1.137    1.561    1.561    1.745    1.745    2.027    2.027    2.293    2.293
    4.268    4.268    4.707    4.707    5.097    5.097    5.271    5.271    6.089    6.090
    6.270    6.270    6.468    6.468    6.609    6.609    6.820    6.820    7.168    7.168
    7.219    7.219    7.403    7.403    8.965    8.965    9.363    9.363    9.563    9.563
            0.500000  0.175551  0.000000
  -44.195  -44.195  -44.193  -44.193  -44.189  -44.189  -44.188  -44.188  -44.187  -44.187
  -44.187  -44.187  -44.165  -44.165  -44.161  -44.161  -44.159  -44.159  -44.159  -44.159
  -44.155  -44.155  -44.154  -44.154  -44.152  -44.152  -44.146  -44.146  -44.146  -44.145
  -44.095  -44.095  -44.093  -44.093  -44.058  -44.058  -44.053  -44.053  -44.042  -44.042
  -18.161  -18.161  -18.157  -18.157  -18.137  -18.137  -18.135  -18.135  -18.131  -18.131
  -18.124  -18.124  -18.123  -18.123  -18.115  -18.115  -18.113  -18.113  -18.106  -18.106
  -18.104  -18.103  -18.103  -18.103  -18.091  -18.091  -18.082  -18.082  -18.080  -18.080
  -18.080  -18.080  -18.070  -18.070  -18.065  -18.065  -18.050  -18.050  -18.047  -18.047
   -9.378   -9.378   -9.362   -9.362   -9.352   -9.352   -9.251   -9.251   -4.068   -4.068
   -3.942   -3.942   -3.799   -3.799   -3.708   -3.708   -0.495   -0.495   -0.342   -0.342
   -0.187   -0.187   -0.043   -0.043    0.379    0.379    0.591    0.591    0.884    0.884
    1.040    1.040    1.480    1.480    1.691    1.691    2.004    2.004    2.280    2.280
    4.361    4.361    4.825    4.825    5.269    5.269    5.481    5.481    6.151    6.151
    6.410    6.410    6.568    6.568    6.729    6.729    6.983    6.983    7.260    7.260
    7.398    7.398    7.562    7.562    8.961    8.961    9.315    9.315    9.569    9.569
            0.500000  0.197495  0.000000
  -44.195  -44.195  -44.193  -44.193  -44.189  -44.189  -44.188  -44.188  -44.187  -44.187
  -44.187  -44.187  -44.165  -44.165  -44.161  -44.161  -44.159  -44.159  -44.159  -44.159
  -44.155  -44.155  -44.154  -44.154  -44.152  -44.152  -44.146  -44.146  -44.146  -44.146
  -44.095  -44.095  -44.093  -44.093  -44.058  -44.058  -44.053  -44.053  -44.042  -44.042
  -18.161  -18.161  -18.157  -18.157  -18.137  -18.137  -18.135  -18.135  -18.131  -18.131
  -18.124  -18.124  -18.124  -18.123  -18.115  -18.115  -18.113  -18.113  -18.106  -18.106
  -18.103  -18.103  -18.103  -18.103  -18.091  -18.091  -18.082  -18.082  -18.080  -18.080
  -18.079  -18.079  -18.070  -18.070  -18.065  -18.065  -18.050  -18.050  -18.047  -18.047
   -9.367   -9.367   -9.351   -9.351   -9.341   -9.341   -9.241   -9.241   -4.029   -4.029
   -3.908   -3.908   -3.772   -3.772   -3.686   -3.686   -0.609   -0.609   -0.453   -0.453
   -0.282   -0.282   -0.143   -0.143    0.297    0.297    0.502    0.502    0.789    0.789
    0.946    0.946    1.403    1.403    1.646    1.646    1.982    1.982    2.255    2.255
    4.478    4.478    4.953    4.953    5.447    5.447    5.702    5.702    6.192    6.192
    6.519    6.519    6.630    6.630    6.859    6.859    7.120    7.120    7.383    7.383
    7.612    7.612    7.784    7.784    8.953    8.953    9.278    9.278    9.590    9.590
            0.500000  0.219439  0.000000
  -44.195  -44.195  -44.193  -44.193  -44.189  -44.189  -44.188  -44.188  -44.187  -44.187
  -44.187  -44.187  -44.165  -44.165  -44.161  -44.161  -44.159  -44.159  -44.159  -44.159
  -44.155  -44.155  -44.154  -44.154  -44.152  -44.152  -44.146  -44.146  -44.146  -44.145
  -44.095  -44.095  -44.093  -44.093  -44.058  -44.058  -44.053  -44.053  -44.042  -44.042
  -18.162  -18.161  -18.158  -18.158  -18.137  -18.137  -18.135  -18.135  -18.131  -18.131
  -18.124  -18.124  -18.124  -18.124  -18.114  -18.114  -18.113  -18.113  -18.106  -18.105
  -18.103  -18.103  -18.103  -18.103  -18.091  -18.091  -18.082  -18.082  -18.080  -18.080
  -18.079  -18.079  -18.070  -18.070  -18.065  -18.065  -18.050  -18.050  -18.047  -18.047
   -9.354   -9.354   -9.340   -9.340   -9.331   -9.331   -9.230   -9.230   -3.988   -3.988
   -3.873   -3.872   -3.744   -3.744   -3.663   -3.663   -0.723   -0.723   -0.560   -0.560
   -0.372   -0.372   -0.238   -0.238    0.206    0.206    0.403    0.403    0.687    0.687
    0.855    0.855    1.334    1.334    1.611    1.611    1.961    1.961    2.222    2.222
    4.611    4.611    5.083    5.083    5.616    5.616    5.930    5.930    6.228    6.228
    6.592    6.592    6.677    6.677    6.966    6.966    7.261    7.261    7.569    7.569
    7.839    7.839    8.019    8.019    8.945    8.945    9.259    9.259    9.621    9.621
            0.500000  0.241383  0.000000
  -44.195  -44.195  -44.193  -44.193  -44.189  -44.189  -44.188  -44.188  -44.187  -44.187
  -44.187  -44.187  -44.165  -44.165  -44.161  -44.161  -44.159  -44.159  -44.159  -44.159
  -44.155  -44.155  -44.154  -44.154  -44.152  -44.152  -44.146  -44.146  -44.146  -44.145
  -44.095  -44.095  -44.093  -44.093  -44.058  -44.058  -44.053  -44.053  -44.042  -44.042
  -18.162  -18.162  -18.158  -18.158  -18.137  -18.137  -18.135  -18.135  -18.132  -18.131
  -18.124  -18.124  -18.124  -18.124  -18.114  -18.114  -18.113  -18.113  -18.105  -18.105
  -18.103  -18.103  -18.103  -18.103  -18.091  -18.091  -18.081  -18.081  -18.080  -18.080
  -18.079  -18.079  -18.070  -18.070  -18.065  -18.065  -18.050  -18.050  -18.047  -18.047
   -9.342   -9.342   -9.328   -9.328   -9.320   -9.320   -9.219   -9.219   -3.944   -3.944
   -3.836   -3.836   -3.716   -3.716   -3.640   -3.640   -0.831   -0.831   -0.660   -0.660
   -0.456   -0.456   -0.326   -0.326    0.109    0.109    0.298    0.298    0.580    0.580
    0.764    0.764    1.279    1.279    1.587    1.587    1.944    1.944    2.186    2.186
    4.751    4.751    5.206    5.206    5.759    5.759    6.157    6.157    6.263    6.263
    6.643    6.643    6.732    6.732    7.048    7.048    7.431    7.431    7.777    7.777
    8.066    8.066    8.251    8.251    8.946    8.946    9.262    9.262    9.658    9.658
            0.500000  0.263327  0.000000
  -44.195  -44.195  -44.193  -44.193  -44.189  -44.189  -44.188  -44.188  -44.187  -44.187
  -44.187  -44.187  -44.165  -44.165  -44.161  -44.161  -44.159  -44.159  -44.159  -44.159
  -44.155  -44.155  -44.154  -44.154  -44.152  -44.152  -44.146  -44.146  -44.146  -44.145
  -44.095  -44.095  -44.093  -44.093  -44.058  -44.058  -44.053  -44.053  -44.042  -44.042
  -18.162  -18.162  -18.159  -18.159  -18.138  -18.138  -18.136  -18.136  -18.132  -18.132
  -18.125  -18.125  -18.123  -18.123  -18.114  -18.114  -18.113  -18.113  -18.105  -18.105
  -18.103  -18.103  -18.103  -18.103  -18.091  -18.091  -18.081  -18.081  -18.080  -18.080
  -18.078  -18.078  -18.070  -18.070  -18.065  -18.065  -18.050  -18.050  -18.047  -18.047
   -9.330   -9.330   -9.317   -9.317   -9.309   -9.309   -9.208   -9.208   -3.900   -3.900
   -3.799   -3.799   -3.688   -3.688   -3.618   -3.618   -0.931   -0.931   -0.751   -0.751
   -0.533   -0.533   -0.407   -0.407    0.012    0.012    0.190    0.190    0.471    0.471
    0.671    0.671    1.241    1.241    1.574    1.574    1.930    1.930    2.148    2.148
    4.893    4.893    5.317    5.317    5.855    5.855    6.291    6.291    6.382    6.382
    6.700    6.700    6.806    6.806    7.127    7.127    7.604    7.604    7.982    7.982
    8.285    8.285    8.472    8.472    8.967    8.967    9.284    9.284    9.700    9.700
            0.500000  0.285271  0.000000
  -44.195  -44.195  -44.193  -44.193  -44.189  -44.189  -44.188  -44.188  -44.187  -44.187
  -44.187  -44.187  -44.165  -44.165  -44.161  -44.161  -44.159  -44.159  -44.159  -44.159
  -44.155  -44.155  -44.154  -44.154  -44.152  -44.152  -44.146  -44.146  -44.146  -44.145
  -44.095  -44.095  -44.093  -44.093  -44.058  -44.058  -44.053  -44.053  -44.042  -44.042
  -18.163  -18.163  -18.159  -18.159  -18.138  -18.138  -18.136  -18.136  -18.132  -18.132
  -18.125  -18.125  -18.123  -18.123  -18.114  -18.114  -18.112  -18.112  -18.105  -18.105
  -18.104  -18.103  -18.103  -18.103  -18.091  -18.091  -18.081  -18.081  -18.080  -18.080
  -18.078  -18.078  -18.070  -18.070  -18.065  -18.065  -18.050  -18.050  -18.047  -18.047
   -9.318   -9.318   -9.306   -9.306   -9.299   -9.299   -9.198   -9.198   -3.857   -3.857
   -3.763   -3.763   -3.662   -3.662   -3.596   -3.596   -1.021   -1.021   -0.832   -0.832
   -0.602   -0.602   -0.483   -0.483   -0.080   -0.079    0.083    0.083    0.363    0.363
    0.574    0.574    1.220    1.220    1.570    1.570    1.919    1.919    2.110    2.110
    5.033    5.033    5.411    5.411    5.902    5.902    6.297    6.297    6.591    6.591
    6.796    6.796    6.899    6.899    7.207    7.207    7.759    7.759    8.172    8.172
    8.492    8.492    8.677    8.677    9.019    9.019    9.322    9.322    9.747    9.747
            0.500000  0.307215  0.000000
  -44.195  -44.195  -44.193  -44.193  -44.189  -44.189  -44.188  -44.188  -44.187  -44.187
  -44.187  -44.187  -44.165  -44.165  -44.161  -44.161  -44.159  -44.159  -44.159  -44.159
  -44.155  -44.155  -44.154  -44.154  -44.152  -44.152  -44.146  -44.146  -44.146  -44.145
  -44.095  -44.095  -44.093  -44.093  -44.058  -44.058  -44.053  -44.053  -44.042  -44.042
  -18.163  -18.163  -18.159  -18.159  -18.138  -18.138  -18.136  -18.136  -18.132  -18.132
  -18.125  -18.125  -18.123  -18.123  -18.114  -18.114  -18.112  -18.112  -18.105  -18.105
  -18.104  -18.103  -18.103  -18.103  -18.091  -18.091  -18.081  -18.081  -18.080  -18.080
  -18.078  -18.078  -18.070  -18.070  -18.065  -18.065  -18.050  -18.050  -18.047  -18.047
   -9.307   -9.307   -9.296   -9.296   -9.290   -9.290   -9.188   -9.188   -3.814   -3.814
   -3.728   -3.728   -3.638   -3.638   -3.575   -3.575   -1.100   -1.100   -0.902   -0.902
   -0.661   -0.661   -0.555   -0.555   -0.160   -0.160   -0.017   -0.017    0.258    0.258
    0.477    0.477    1.214    1.214    1.572    1.572    1.909    1.909    2.073    2.073
    5.166    5.166    5.489    5.489    5.914    5.914    6.273    6.273    6.783    6.783
    6.925    6.925    7.009    7.009    7.284    7.284    7.886    7.886    8.338    8.338
    8.682    8.682    8.864    8.864    9.105    9.105    9.375    9.375    9.798    9.798
            0.500000  0.329159  0.000000
  -44.195  -44.195  -44.193  -44.193  -44.189  -44.189  -44.188  -44.188  -44.187  -44.187
  -44.187  -44.187  -44.165  -44.165  -44.161  -44.161  -44.159  -44.159  -44.159  -44.159
  -44.155  -44.155  -44.154  -44.154  -44.152  -44.152  -44.146  -44.146  -44.146  -44.145
  -44.095  -44.095  -44.093  -44.093  -44.058  -44.058  -44.053  -44.053  -44.042  -44.042
  -18.164  -18.164  -18.160  -18.160  -18.138  -18.138  -18.136  -18.136  -18.132  -18.132
  -18.126  -18.126  -18.123  -18.123  -18.114  -18.114  -18.112  -18.112  -18.105  -18.105
  -18.104  -18.104  -18.103  -18.103  -18.091  -18.091  -18.081  -18.081  -18.080  -18.080
  -18.078  -18.078  -18.069  -18.069  -18.065  -18.065  -18.050  -18.050  -18.047  -18.047
   -9.298   -9.298   -9.287   -9.287   -9.281   -9.281   -9.180   -9.180   -3.774   -3.774
   -3.697   -3.697   -3.617   -3.617   -3.556   -3.556   -1.166   -1.166   -0.960   -0.960
   -0.711   -0.711   -0.621   -0.621   -0.225   -0.225   -0.107   -0.107    0.161    0.161
    0.382    0.382    1.218    1.218    1.579    1.579    1.901    1.901    2.039    2.039
    5.291    5.291    5.551    5.551    5.908    5.908    6.228    6.228    6.953    6.953
    7.051    7.051    7.135    7.135    7.355    7.355    7.982    7.982    8.478    8.478
    8.855    8.855    9.032    9.032    9.214    9.214    9.438    9.438    9.849    9.849
            0.500000  0.351103  0.000000
  -44.195  -44.195  -44.193  -44.193  -44.189  -44.189  -44.188  -44.188  -44.187  -44.187
  -44.187  -44.187  -44.165  -44.165  -44.161  -44.161  -44.159  -44.159  -44.159  -44.159
  -44.155  -44.155  -44.154  -44.154  -44.152  -44.152  -44.146  -44.146  -44.146  -44.145
  -44.095  -44.095  -44.093  -44.093  -44.058  -44.058  -44.053  -44.053  -44.042  -44.042
  -18.164  -18.164  -18.160  -18.160  -18.138  -18.138  -18.136  -18.136  -18.132  -18.132
  -18.126  -18.126  -18.123  -18.123  -18.114  -18.114  -18.112  -18.112  -18.105  -18.105
  -18.104  -18.104  -18.102  -18.102  -18.091  -18.091  -18.081  -18.081  -18.080  -18.080
  -18.077  -18.077  -18.069  -18.069  -18.065  -18.065  -18.050  -18.050  -18.047  -18.047
   -9.289   -9.289   -9.280   -9.280   -9.274   -9.274   -9.173   -9.173   -3.738   -3.738
   -3.669   -3.669   -3.600   -3.600   -3.540   -3.540   -1.220   -1.220   -1.006   -1.006
   -0.752   -0.752   -0.682   -0.682   -0.272   -0.272   -0.184   -0.184    0.075    0.075
    0.294    0.294    1.227    1.227    1.588    1.588    1.894    1.894    2.007    2.007
    5.406    5.406    5.599    5.599    5.893    5.894    6.173    6.173    7.096    7.096
    7.157    7.157    7.263    7.263    7.418    7.418    8.053    8.053    8.592    8.592
    9.009    9.009    9.181    9.181    9.329    9.329    9.507    9.507    9.896    9.896
            0.500000  0.373046  0.000000
  -44.195  -44.195  -44.193  -44.193  -44.189  -44.189  -44.188  -44.188  -44.187  -44.187
  -44.187  -44.187  -44.165  -44.165  -44.161  -44.161  -44.159  -44.159  -44.159  -44.159
  -44.155  -44.155  -44.154  -44.154  -44.152  -44.152  -44.146  -44.146  -44.146  -44.145
  -44.095  -44.095  -44.093  -44.093  -44.058  -44.058  -44.053  -44.053  -44.042  -44.042
  -18.164  -18.164  -18.160  -18.160  -18.139  -18.139  -18.136  -18.136  -18.132  -18.132
  -18.126  -18.126  -18.123  -18.123  -18.114  -18.114  -18.112  -18.112  -18.105  -18.105
  -18.104  -18.104  -18.102  -18.102  -18.091  -18.091  -18.081  -18.081  -18.080  -18.080
  -18.077  -18.077  -18.069  -18.069  -18.065  -18.065  -18.050  -18.050  -18.047  -18.047
   -9.282   -9.282   -9.274   -9.274   -9.269   -9.268   -9.167   -9.167   -3.707   -3.707
   -3.647   -3.647   -3.587   -3.587   -3.526   -3.526   -1.261   -1.261   -1.041   -1.041
   -0.784   -0.784   -0.734   -0.734   -0.305   -0.305   -0.242   -0.242    0.002    0.002
    0.218    0.218    1.239    1.239    1.597    1.597    1.888    1.888    1.980    1.980
    5.507    5.507    5.636    5.636    5.877    5.877    6.114    6.114    7.205    7.205
    7.241    7.241    7.373    7.373    7.475    7.475    8.104    8.104    8.681    8.681
    9.140    9.140    9.310    9.310    9.431    9.431    9.576    9.576    9.931    9.931
            0.500000  0.394990  0.000000
  -44.195  -44.195  -44.193  -44.193  -44.189  -44.189  -44.189  -44.188  -44.187  -44.187
  -44.187  -44.187  -44.165  -44.165  -44.161  -44.161  -44.159  -44.159  -44.159  -44.159
  -44.155  -44.155  -44.154  -44.154  -44.152  -44.152  -44.146  -44.146  -44.146  -44.145
  -44.095  -44.095  -44.093  -44.093  -44.058  -44.058  -44.053  -44.053  -44.042  -44.042
  -18.164  -18.164  -18.160  -18.160  -18.139  -18.139  -18.136  -18.136  -18.132  -18.132
  -18.126  -18.126  -18.123  -18.123  -18.114  -18.114  -18.112  -18.112  -18.105  -18.105
  -18.104  -18.104  -18.102  -18.102  -18.091  -18.091  -18.081  -18.081  -18.080  -18.080
  -18.077  -18.077  -18.069  -18.069  -18.065  -18.065  -18.050  -18.050  -18.047  -18.047
   -9.277   -9.277   -9.270   -9.270   -9.264   -9.264   -9.162   -9.162   -3.683   -3.683
   -3.630   -3.630   -3.578   -3.578   -3.516   -3.516   -1.290   -1.290   -1.064   -1.064
   -0.810   -0.810   -0.772   -0.772   -0.329   -0.329   -0.279   -0.279   -0.054   -0.054
    0.158    0.158    1.251    1.251    1.605    1.605    1.883    1.883    1.960    1.960
    5.591    5.591    5.667    5.667    5.861    5.861    6.057    6.057    7.279    7.279
    7.299    7.299    7.457    7.457    7.523    7.523    8.140    8.140    8.746    8.746
    9.241    9.241    9.413    9.413    9.512    9.512    9.637    9.637    9.952    9.952
            0.500000  0.416934  0.000000
  -44.195  -44.195  -44.193  -44.193  -44.189  -44.189  -44.188  -44.188  -44.187  -44.187
  -44.187  -44.187  -44.165  -44.165  -44.161  -44.161  -44.159  -44.159  -44.159  -44.159
  -44.155  -44.155  -44.154  -44.154  -44.152  -44.152  -44.146  -44.146  -44.146  -44.145
  -44.095  -44.095  -44.093  -44.093  -44.058  -44.058  -44.053  -44.053  -44.042  -44.042
  -18.165  -18.165  -18.160  -18.160  -18.139  -18.139  -18.136  -18.136  -18.132  -18.132
  -18.126  -18.126  -18.123  -18.123  -18.114  -18.114  -18.112  -18.112  -18.105  -18.105
  -18.104  -18.104  -18.102  -18.102  -18.091  -18.091  -18.081  -18.081  -18.080  -18.080
  -18.077  -18.077  -18.069  -18.069  -18.065  -18.065  -18.050  -18.050  -18.047  -18.047
   -9.273   -9.273   -9.267   -9.267   -9.262   -9.262   -9.160   -9.160   -3.668   -3.668
   -3.620   -3.620   -3.573   -3.573   -3.509   -3.509   -1.307   -1.307   -1.078   -1.078
   -0.828   -0.827   -0.794   -0.794   -0.347   -0.347   -0.295   -0.295   -0.089   -0.089
    0.118    0.118    1.259    1.259    1.611    1.611    1.879    1.879    1.947    1.947
    5.643    5.643    5.697    5.697    5.848    5.848    6.011    6.011    7.321    7.321
    7.333    7.333    7.512    7.512    7.555    7.555    8.162    8.162    8.786    8.786
    9.305    9.305    9.482    9.482    9.562    9.562    9.679    9.679    9.962    9.962
            0.500000  0.438878  0.000000
  -44.195  -44.195  -44.193  -44.193  -44.189  -44.189  -44.188  -44.188  -44.187  -44.187
  -44.187  -44.187  -44.165  -44.165  -44.161  -44.161  -44.159  -44.159  -44.159  -44.159
  -44.155  -44.155  -44.154  -44.154  -44.152  -44.152  -44.146  -44.146  -44.146  -44.145
  -44.095  -44.095  -44.093  -44.093  -44.058  -44.058  -44.053  -44.053  -44.042  -44.042
  -18.165  -18.165  -18.160  -18.160  -18.139  -18.139  -18.136  -18.136  -18.132  -18.132
  -18.126  -18.126  -18.123  -18.123  -18.114  -18.114  -18.112  -18.112  -18.105  -18.105
  -18.104  -18.104  -18.102  -18.102  -18.091  -18.090  -18.081  -18.081  -18.080  -18.080
  -18.077  -18.077  -18.069  -18.069  -18.065  -18.065  -18.050  -18.050  -18.047  -18.047
   -9.272   -9.272   -9.266   -9.266   -9.261   -9.261   -9.159   -9.159   -3.663   -3.663
   -3.617   -3.617   -3.572   -3.571   -3.507   -3.507   -1.312   -1.312   -1.082   -1.082
   -0.834   -0.834   -0.801   -0.801   -0.353   -0.353   -0.299   -0.299   -0.101   -0.101
    0.105    0.105    1.262    1.262    1.613    1.613    1.878    1.878    1.943    1.943
    5.657    5.657    5.715    5.715    5.843    5.843    5.992    5.992    7.334    7.334
    7.343    7.343    7.532    7.532    7.566    7.566    8.169    8.169    8.799    8.799
    9.327    9.328    9.507    9.507    9.580    9.580    9.694    9.694    9.965    9.965
            0.475000  0.416934  0.000000
  -44.195  -44.195  -44.193  -44.193  -44.189  -44.189  -44.189  -44.188  -44.187  -44.187
  -44.187  -44.187  -44.165  -44.165  -44.161  -44.161  -44.159  -44.159  -44.159  -44.159
  -44.155  -44.155  -44.154  -44.154  -44.152  -44.152  -44.146  -44.146  -44.146  -44.145
  -44.095  -44.095  -44.093  -44.093  -44.058  -44.058  -44.053  -44.053  -44.042  -44.042
  -18.165  -18.164  -18.160  -18.160  -18.139  -18.139  -18.136  -18.136  -18.132  -18.132
  -18.126  -18.126  -18.123  -18.122  -18.114  -18.114  -18.112  -18.112  -18.105  -18.105
  -18.104  -18.104  -18.103  -18.102  -18.091  -18.091  -18.081  -18.081  -18.080  -18.079
  -18.077  -18.077  -18.069  -18.069  -18.065  -18.065  -18.050  -18.050  -18.048  -18.047
   -9.289   -9.280   -9.278   -9.263   -9.256   -9.256   -9.162   -9.162   -3.702   -3.676
   -3.667   -3.577   -3.558   -3.549   -3.506   -3.504   -1.331   -1.291   -1.116   -1.049
   -0.847   -0.805   -0.794   -0.786   -0.359   -0.325   -0.313   -0.258   -0.088   -0.036
    0.117    0.182    1.235    1.272    1.583    1.632    1.872    1.890    1.951    1.954
    5.575    5.640    5.670    5.717    5.847    5.871    6.005    6.092    7.293    7.294
    7.340    7.347    7.482    7.523    7.548    7.565    8.154    8.170    8.759    8.801
    9.259    9.324    9.444    9.480    9.529    9.566    9.644    9.679    9.946    9.955
            0.450000  0.394990  0.000000
  -44.195  -44.195  -44.193  -44.193  -44.189  -44.189  -44.188  -44.188  -44.187  -44.187
  -44.187  -44.187  -44.165  -44.165  -44.161  -44.161  -44.159  -44.159  -44.159  -44.159
  -44.155  -44.155  -44.154  -44.154  -44.152  -44.152  -44.146  -44.146  -44.146  -44.145
  -44.095  -44.095  -44.093  -44.093  -44.058  -44.058  -44.053  -44.053  -44.042  -44.042
  -18.165  -18.163  -18.160  -18.160  -18.139  -18.138  -18.137  -18.136  -18.132  -18.132
  -18.126  -18.126  -18.123  -18.122  -18.114  -18.114  -18.112  -18.112  -18.105  -18.105
  -18.104  -18.104  -18.103  -18.101  -18.091  -18.091  -18.081  -18.081  -18.080  -18.079
  -18.077  -18.077  -18.069  -18.069  -18.065  -18.065  -18.050  -18.050  -18.048  -18.048
   -9.322   -9.306   -9.292   -9.268   -9.255   -9.250   -9.171   -9.171   -3.775   -3.724
   -3.706   -3.549   -3.542   -3.523   -3.497   -3.489   -1.367   -1.231   -1.160   -0.996
   -0.891   -0.804   -0.727   -0.719   -0.324   -0.309   -0.273   -0.140   -0.045    0.102
    0.171    0.359    1.172    1.300    1.529    1.659    1.857    1.920    1.979    1.982
    5.384    5.545    5.657    5.740    5.880    5.925    6.057    6.236    7.198    7.199
    7.266    7.307    7.379    7.485    7.513    7.579    8.108    8.163    8.655    8.786
    9.086    9.263    9.284    9.363    9.450    9.508    9.551    9.622    9.881    9.934
            0.425000  0.373046  0.000000
  -44.195  -44.195  -44.193  -44.193  -44.189  -44.189  -44.188  -44.188  -44.187  -44.187
  -44.187  -44.187  -44.165  -44.165  -44.161  -44.161  -44.159  -44.159  -44.159  -44.159
  -44.155  -44.155  -44.154  -44.154  -44.152  -44.152  -44.146  -44.146  -44.146  -44.145
  -44.095  -44.095  -44.093  -44.093  -44.058  -44.058  -44.053  -44.053  -44.042  -44.042
  -18.164  -18.163  -18.159  -18.159  -18.139  -18.138  -18.137  -18.136  -18.132  -18.132
  -18.125  -18.125  -18.124  -18.122  -18.114  -18.114  -18.112  -18.112  -18.106  -18.105
  -18.104  -18.104  -18.103  -18.101  -18.091  -18.091  -18.082  -18.081  -18.080  -18.079
  -18.077  -18.077  -18.069  -18.069  -18.065  -18.065  -18.050  -18.050  -18.048  -18.048
   -9.369   -9.345   -9.316   -9.289   -9.260   -9.243   -9.179   -9.179   -3.860   -3.787
   -3.736   -3.544   -3.542   -3.498   -3.470   -3.459   -1.395   -1.209   -1.122   -0.977
   -0.876   -0.837   -0.619   -0.610   -0.281   -0.269   -0.136   -0.016    0.080    0.178
    0.352    0.578    1.097    1.343    1.462    1.701    1.832    1.967    2.011    2.028
    5.155    5.431    5.657    5.782    5.915    5.988    6.117    6.359    6.998    7.041
    7.115    7.207    7.287    7.447    7.486    7.610    8.035    8.126    8.482    8.732
    8.832    9.004    9.184    9.235    9.370    9.401    9.487    9.516    9.729    9.895
            0.400000  0.351103  0.000000
  -44.195  -44.195  -44.193  -44.193  -44.189  -44.189  -44.188  -44.188  -44.187  -44.187
  -44.187  -44.187  -44.165  -44.165  -44.161  -44.161  -44.159  -44.159  -44.159  -44.159
  -44.155  -44.155  -44.154  -44.154  -44.152  -44.152  -44.146  -44.146  -44.146  -44.145
  -44.095  -44.095  -44.093  -44.093  -44.058  -44.058  -44.053  -44.053  -44.042  -44.042
  -18.164  -18.161  -18.159  -18.158  -18.140  -18.138  -18.137  -18.136  -18.132  -18.132
  -18.125  -18.125  -18.124  -18.121  -18.114  -18.114  -18.113  -18.112  -18.106  -18.106
  -18.105  -18.104  -18.104  -18.101  -18.091  -18.091  -18.082  -18.081  -18.080  -18.079
  -18.078  -18.077  -18.069  -18.069  -18.065  -18.065  -18.051  -18.050  -18.048  -18.048
   -9.429   -9.397   -9.354   -9.327   -9.267   -9.237   -9.183   -9.183   -3.949   -3.851
   -3.762   -3.550   -3.547   -3.474   -3.435   -3.421   -1.402   -1.226   -1.040   -0.962
   -0.891   -0.755   -0.492   -0.477   -0.238   -0.195    0.045    0.098    0.233    0.296
    0.578    0.809    1.044    1.362    1.443    1.740    1.818    2.019    2.045    2.099
    4.916    5.302    5.663    5.835    5.953    6.045    6.165    6.422    6.727    6.833
    6.891    7.083    7.202    7.396    7.468    7.651    7.931    8.050    8.241    8.495
    8.585    8.785    9.077    9.147    9.261    9.328    9.365    9.430    9.528    9.777
            0.375000  0.329159  0.000000
  -44.195  -44.195  -44.193  -44.193  -44.189  -44.189  -44.188  -44.188  -44.187  -44.187
  -44.187  -44.187  -44.165  -44.165  -44.161  -44.161  -44.159  -44.159  -44.159  -44.159
  -44.155  -44.155  -44.154  -44.154  -44.152  -44.152  -44.146  -44.146  -44.146  -44.145
  -44.095  -44.095  -44.093  -44.093  -44.058  -44.058  -44.053  -44.053  -44.042  -44.042
  -18.163  -18.160  -18.158  -18.157  -18.141  -18.138  -18.137  -18.137  -18.132  -18.131
  -18.124  -18.124  -18.124  -18.121  -18.115  -18.114  -18.113  -18.112  -18.107  -18.106
  -18.105  -18.105  -18.104  -18.100  -18.091  -18.091  -18.083  -18.081  -18.080  -18.079
  -18.078  -18.078  -18.069  -18.069  -18.065  -18.065  -18.051  -18.051  -18.048  -18.048
   -9.500   -9.460   -9.407   -9.379   -9.275   -9.233   -9.182   -9.181   -4.036   -3.915
   -3.785   -3.556   -3.550   -3.449   -3.394   -3.374   -1.384   -1.220   -1.037   -0.922
   -0.820   -0.625   -0.368   -0.357   -0.169   -0.090    0.169    0.296    0.317    0.521
    0.805    1.007    1.063    1.323    1.525    1.728    1.882    2.032    2.128    2.193
    4.683    5.159    5.660    5.891    5.990    6.087    6.179    6.324    6.441    6.634
    6.707    6.918    7.059    7.345    7.455    7.679    7.798    7.964    7.992    8.157
    8.242    8.709    9.034    9.055    9.133    9.199    9.228    9.321    9.457    9.640
            0.350000  0.307215  0.000000
  -44.195  -44.195  -44.193  -44.193  -44.189  -44.189  -44.188  -44.188  -44.187  -44.187
  -44.187  -44.187  -44.165  -44.165  -44.161  -44.161  -44.159  -44.159  -44.159  -44.159
  -44.155  -44.155  -44.154  -44.154  -44.152  -44.152  -44.146  -44.146  -44.146  -44.145
  -44.095  -44.095  -44.093  -44.093  -44.058  -44.058  -44.053  -44.053  -44.042  -44.042
  -18.162  -18.159  -18.157  -18.156  -18.141  -18.138  -18.138  -18.137  -18.131  -18.131
  -18.125  -18.123  -18.123  -18.121  -18.115  -18.114  -18.114  -18.112  -18.108  -18.107
  -18.106  -18.105  -18.105  -18.100  -18.091  -18.091  -18.084  -18.081  -18.080  -18.079
  -18.078  -18.078  -18.069  -18.069  -18.065  -18.065  -18.051  -18.051  -18.049  -18.049
   -9.579   -9.533   -9.472   -9.442   -9.282   -9.230   -9.179   -9.176   -4.117   -3.975
   -3.806   -3.569   -3.537   -3.415   -3.343   -3.316   -1.342   -1.190   -1.023   -0.921
   -0.665   -0.490   -0.302   -0.262   -0.057    0.036    0.293    0.390    0.545    0.743
    1.012    1.089    1.240    1.323    1.604    1.750    1.974    2.049    2.235    2.301
    4.475    5.011    5.610    5.915    5.978    6.035    6.146    6.164    6.240    6.433
    6.582    6.720    6.828    7.309    7.442    7.599    7.684    7.766    7.818    7.878
    8.007    8.650    8.879    8.977    9.022    9.077    9.143    9.192    9.483    9.498
            0.325000  0.285271  0.000000
  -44.195  -44.195  -44.193  -44.193  -44.189  -44.189  -44.188  -44.188  -44.187  -44.187
  -44.187  -44.187  -44.165  -44.165  -44.161  -44.161  -44.159  -44.159  -44.159  -44.159
  -44.155  -44.155  -44.154  -44.154  -44.152  -44.152  -44.146  -44.146  -44.146  -44.145
  -44.095  -44.095  -44.093  -44.093  -44.058  -44.058  -44.053  -44.053  -44.042  -44.042
  -18.161  -18.157  -18.156  -18.155  -18.142  -18.139  -18.138  -18.137  -18.130  -18.130
  -18.125  -18.122  -18.122  -18.121  -18.116  -18.114  -18.114  -18.112  -18.109  -18.107
  -18.107  -18.105  -18.105  -18.099  -18.092  -18.091  -18.084  -18.081  -18.081  -18.079
  -18.078  -18.078  -18.068  -18.068  -18.065  -18.065  -18.052  -18.052  -18.049  -18.049
   -9.664   -9.612   -9.544   -9.512   -9.290   -9.228   -9.175   -9.168   -4.187   -4.028
   -3.825   -3.582   -3.505   -3.367   -3.279   -3.246   -1.278   -1.138   -0.988   -0.895
   -0.532   -0.361   -0.290   -0.180    0.064    0.148    0.426    0.528    0.767    0.950
    1.188    1.210    1.379    1.404    1.626    1.890    1.999    2.157    2.353    2.404
    4.323    4.880    5.468    5.659    5.896    6.005    6.085    6.152    6.191    6.248
    6.398    6.499    6.559    7.282    7.395    7.431    7.475    7.512    7.632    7.811
    8.031    8.579    8.681    8.819    8.864    8.916    9.071    9.289    9.361    9.432
            0.300000  0.263327  0.000000
  -44.195  -44.195  -44.193  -44.193  -44.189  -44.189  -44.188  -44.188  -44.187  -44.187
  -44.187  -44.187  -44.165  -44.165  -44.161  -44.161  -44.159  -44.159  -44.159  -44.159
  -44.155  -44.155  -44.154  -44.154  -44.152  -44.152  -44.146  -44.146  -44.146  -44.145
  -44.095  -44.095  -44.093  -44.093  -44.058  -44.058  -44.053  -44.053  -44.042  -44.042
  -18.160  -18.155  -18.155  -18.154  -18.143  -18.140  -18.139  -18.138  -18.129  -18.129
  -18.125  -18.121  -18.121  -18.120  -18.116  -18.115  -18.114  -18.112  -18.109  -18.108
  -18.107  -18.106  -18.106  -18.098  -18.092  -18.091  -18.085  -18.081  -18.081  -18.079
  -18.078  -18.078  -18.068  -18.068  -18.064  -18.064  -18.053  -18.053  -18.050  -18.050
   -9.752   -9.695   -9.622   -9.587   -9.298   -9.229   -9.171   -9.159   -4.243   -4.070
   -3.841   -3.594   -3.453   -3.303   -3.202   -3.164   -1.195   -1.067   -0.935   -0.845
   -0.496   -0.259   -0.224   -0.116    0.174    0.231    0.547    0.705    0.966    1.140
    1.347    1.373    1.483    1.520    1.663    2.004    2.080    2.299    2.462    2.473
    4.259    4.795    5.283    5.366    5.773    5.900    5.969    6.049    6.146    6.166
    6.198    6.297    6.405    7.150    7.168    7.270    7.351    7.414    7.619    7.801
    8.064    8.455    8.518    8.654    8.701    8.731    8.967    9.237    9.331    9.541
            0.275000  0.241383  0.000000
  -44.195  -44.195  -44.194  -44.193  -44.189  -44.189  -44.188  -44.188  -44.187  -44.187
  -44.187  -44.187  -44.165  -44.165  -44.161  -44.161  -44.159  -44.159  -44.159  -44.159
  -44.155  -44.155  -44.154  -44.154  -44.152  -44.152  -44.146  -44.146  -44.146  -44.145
  -44.095  -44.095  -44.093  -44.093  -44.058  -44.058  -44.053  -44.053  -44.042  -44.042
  -18.159  -18.155  -18.154  -18.152  -18.144  -18.141  -18.139  -18.139  -18.128  -18.128
  -18.125  -18.121  -18.121  -18.120  -18.117  -18.115  -18.114  -18.112  -18.110  -18.108
  -18.108  -18.106  -18.106  -18.098  -18.092  -18.092  -18.086  -18.082  -18.081  -18.079
  -18.078  -18.078  -18.068  -18.068  -18.064  -18.064  -18.053  -18.053  -18.050  -18.050
   -9.841   -9.779   -9.702   -9.665   -9.307   -9.230   -9.167   -9.151   -4.282   -4.098
   -3.851   -3.600   -3.381   -3.221   -3.111   -3.068   -1.095   -0.983   -0.876   -0.772
   -0.545   -0.217   -0.099   -0.043    0.278    0.313    0.631    0.877    1.124    1.306
    1.499    1.559    1.580    1.604    1.753    2.042    2.234    2.417    2.512    2.547
    4.296    4.782    5.106    5.181    5.562    5.698    5.798    5.853    5.949    6.002
    6.124    6.323    6.416    6.949    6.974    7.163    7.340    7.368    7.632    7.773
    8.070    8.267    8.404    8.483    8.525    8.567    8.863    9.143    9.293    9.806
            0.250000  0.219439  0.000000
  -44.195  -44.195  -44.193  -44.193  -44.189  -44.189  -44.188  -44.188  -44.188  -44.187
  -44.187  -44.187  -44.165  -44.165  -44.161  -44.161  -44.159  -44.159  -44.159  -44.159
  -44.155  -44.155  -44.154  -44.154  -44.152  -44.152  -44.146  -44.146  -44.146  -44.146
  -44.095  -44.095  -44.093  -44.093  -44.058  -44.058  -44.053  -44.053  -44.042  -44.042
  -18.158  -18.155  -18.152  -18.151  -18.145  -18.142  -18.140  -18.140  -18.127  -18.127
  -18.125  -18.122  -18.121  -18.120  -18.117  -18.115  -18.114  -18.112  -18.111  -18.109
  -18.109  -18.107  -18.106  -18.097  -18.092  -18.092  -18.086  -18.082  -18.082  -18.080
  -18.078  -18.077  -18.067  -18.067  -18.064  -18.064  -18.054  -18.054  -18.050  -18.050
   -9.928   -9.863   -9.783   -9.742   -9.317   -9.233   -9.164   -9.143   -4.303   -4.112
   -3.851   -3.597   -3.289   -3.123   -3.005   -2.959   -0.984   -0.897   -0.837   -0.682
   -0.583   -0.237    0.005    0.061    0.382    0.410    0.687    1.004    1.233    1.417
    1.569    1.578    1.747    1.770    1.892    2.121    2.280    2.485    2.581    2.616
    4.401    4.827    4.984    5.138    5.315    5.511    5.576    5.624    5.810    5.886
    6.108    6.341    6.467    6.851    6.860    7.076    7.308    7.344    7.635    7.731
    8.020    8.089    8.261    8.282    8.349    8.492    8.754    9.083    9.275    9.728
            0.225000  0.197495  0.000000
  -44.195  -44.195  -44.194  -44.193  -44.189  -44.189  -44.188  -44.188  -44.188  -44.187
  -44.187  -44.187  -44.165  -44.165  -44.161  -44.161  -44.159  -44.159  -44.159  -44.159
  -44.155  -44.155  -44.154  -44.154  -44.152  -44.152  -44.146  -44.146  -44.146  -44.145
  -44.095  -44.095  -44.093  -44.093  -44.058  -44.058  -44.053  -44.053  -44.042  -44.042
  -18.158  -18.155  -18.151  -18.150  -18.145  -18.143  -18.141  -18.141  -18.126  -18.126
  -18.125  -18.122  -18.121  -18.119  -18.117  -18.115  -18.114  -18.112  -18.111  -18.109
  -18.109  -18.107  -18.107  -18.096  -18.093  -18.092  -18.087  -18.083  -18.082  -18.080
  -18.078  -18.077  -18.067  -18.067  -18.063  -18.063  -18.055  -18.055  -18.050  -18.050
  -10.012   -9.944   -9.860   -9.817   -9.328   -9.237   -9.162   -9.135   -4.306   -4.110
   -3.840   -3.584   -3.181   -3.010   -2.887   -2.838   -0.894   -0.864   -0.787   -0.579
   -0.549   -0.274    0.057    0.177    0.486    0.519    0.746    1.078    1.287    1.452
    1.492    1.549    1.904    1.938    2.025    2.226    2.283    2.528    2.645    2.686
    4.501    4.853    4.966    5.081    5.199    5.382    5.435    5.486    5.726    5.874
    6.096    6.320    6.489    6.815    6.868    7.002    7.259    7.319    7.596    7.695
    7.894    7.956    8.055    8.123    8.211    8.480    8.643    9.047    9.271    9.630
            0.200000  0.175551  0.000000
  -44.195  -44.195  -44.194  -44.193  -44.189  -44.189  -44.188  -44.188  -44.188  -44.188
  -44.187  -44.187  -44.165  -44.165  -44.161  -44.161  -44.159  -44.159  -44.159  -44.159
  -44.155  -44.155  -44.154  -44.154  -44.152  -44.152  -44.146  -44.146  -44.146  -44.146
  -44.095  -44.095  -44.093  -44.093  -44.058  -44.058  -44.053  -44.053  -44.042  -44.042
  -18.158  -18.155  -18.150  -18.149  -18.145  -18.143  -18.142  -18.142  -18.126  -18.125
  -18.125  -18.122  -18.122  -18.119  -18.117  -18.115  -18.114  -18.112  -18.111  -18.109
  -18.109  -18.107  -18.107  -18.095  -18.093  -18.092  -18.087  -18.083  -18.083  -18.080
  -18.077  -18.077  -18.067  -18.066  -18.062  -18.062  -18.055  -18.055  -18.051  -18.051
  -10.092  -10.021   -9.934   -9.888   -9.340   -9.242   -9.160   -9.129   -4.292   -4.093
   -3.817   -3.560   -3.058   -2.883   -2.756   -2.706   -0.969   -0.754   -0.712   -0.472
   -0.465   -0.284    0.067    0.269    0.595    0.634    0.825    1.117    1.268    1.347
    1.412    1.460    1.989    2.036    2.100    2.303    2.338    2.583    2.692    2.741
    4.534    4.815    4.923    5.054    5.211    5.342    5.387    5.588    5.745    5.967
    6.098    6.284    6.467    6.831    6.903    6.978    7.208    7.267    7.539    7.651
    7.743    7.845    7.864    7.997    8.132    8.486    8.545    9.023    9.270    9.528
            0.175000  0.153607  0.000000
  -44.195  -44.195  -44.194  -44.194  -44.189  -44.189  -44.188  -44.188  -44.188  -44.188
  -44.187  -44.187  -44.165  -44.164  -44.161  -44.161  -44.159  -44.159  -44.159  -44.159
  -44.155  -44.155  -44.154  -44.154  -44.152  -44.152  -44.146  -44.146  -44.146  -44.146
  -44.095  -44.095  -44.093  -44.093  -44.058  -44.058  -44.053  -44.053  -44.042  -44.042
  -18.158  -18.155  -18.149  -18.147  -18.145  -18.143  -18.142  -18.142  -18.126  -18.126
  -18.124  -18.122  -18.121  -18.119  -18.117  -18.115  -18.115  -18.111  -18.111  -18.109
  -18.109  -18.108  -18.107  -18.095  -18.094  -18.092  -18.088  -18.084  -18.083  -18.081
  -18.077  -18.077  -18.066  -18.066  -18.062  -18.062  -18.056  -18.056  -18.051  -18.051
  -10.165  -10.092  -10.002   -9.955   -9.352   -9.248   -9.160   -9.124   -4.262   -4.061
   -3.782   -3.525   -2.924   -2.744   -2.615   -2.567   -1.053   -0.729   -0.605   -0.374
   -0.360   -0.237    0.053    0.321    0.703    0.745    0.914    1.118    1.145    1.223
    1.315    1.345    1.991    2.050    2.133    2.336    2.393    2.629    2.734    2.780
    4.499    4.794    4.900    5.142    5.196    5.385    5.518    5.769    5.847    6.089
    6.132    6.267    6.425    6.823    6.918    7.037    7.177    7.200    7.503    7.577
    7.650    7.702    7.788    7.915    8.100    8.440    8.511    9.001    9.266    9.435
            0.150000  0.131663  0.000000
  -44.195  -44.195  -44.194  -44.194  -44.189  -44.189  -44.188  -44.188  -44.188  -44.188
  -44.187  -44.187  -44.165  -44.164  -44.161  -44.161  -44.159  -44.159  -44.159  -44.159
  -44.155  -44.155  -44.154  -44.154  -44.152  -44.152  -44.146  -44.146  -44.146  -44.146
  -44.095  -44.095  -44.093  -44.093  -44.058  -44.058  -44.053  -44.053  -44.042  -44.042
  -18.160  -18.156  -18.149  -18.147  -18.145  -18.144  -18.142  -18.142  -18.127  -18.127
  -18.124  -18.122  -18.121  -18.118  -18.118  -18.115  -18.115  -18.111  -18.111  -18.109
  -18.109  -18.108  -18.107  -18.095  -18.094  -18.092  -18.089  -18.084  -18.083  -18.081
  -18.077  -18.077  -18.066  -18.066  -18.061  -18.061  -18.057  -18.057  -18.051  -18.051
  -10.230  -10.155  -10.064  -10.014   -9.364   -9.254   -9.161   -9.120   -4.219   -4.018
   -3.738   -3.480   -2.782   -2.599   -2.469   -2.423   -1.131   -0.762   -0.503   -0.280
   -0.258   -0.147    0.045    0.326    0.787    0.815    0.928    1.020    1.084    1.106
    1.183    1.324    1.924    1.999    2.123    2.338    2.402    2.636    2.760    2.805
    4.433    4.826    4.988    5.226    5.283    5.494    5.744    5.848    5.996    6.127
    6.167    6.299    6.384    6.785    6.951    7.044    7.144    7.266    7.450    7.532
    7.603    7.723    7.783    7.884    8.084    8.378    8.495    8.978    9.260    9.355
            0.125000  0.109720  0.000000
  -44.195  -44.195  -44.194  -44.194  -44.189  -44.189  -44.188  -44.188  -44.188  -44.188
  -44.187  -44.187  -44.165  -44.164  -44.161  -44.161  -44.159  -44.159  -44.159  -44.159
  -44.155  -44.155  -44.154  -44.154  -44.152  -44.152  -44.146  -44.146  -44.146  -44.146
  -44.095  -44.095  -44.093  -44.093  -44.058  -44.058  -44.053  -44.053  -44.042  -44.042
  -18.161  -18.156  -18.148  -18.147  -18.146  -18.144  -18.142  -18.141  -18.128  -18.128
  -18.124  -18.123  -18.121  -18.117  -18.117  -18.116  -18.116  -18.111  -18.111  -18.109
  -18.109  -18.108  -18.107  -18.095  -18.094  -18.091  -18.089  -18.084  -18.084  -18.081
  -18.077  -18.077  -18.065  -18.065  -18.061  -18.060  -18.057  -18.057  -18.051  -18.051
  -10.287  -10.211  -10.118  -10.067   -9.375   -9.260   -9.162   -9.117   -4.167   -3.968
   -3.687   -3.430   -2.638   -2.450   -2.321   -2.278   -1.196   -0.816   -0.444   -0.199
   -0.163   -0.048    0.071    0.295    0.682    0.792    0.864    0.937    1.007    1.092
    1.199    1.379    1.811    1.892    2.048    2.319    2.378    2.627    2.778    2.828
    4.361    4.840    5.156    5.354    5.462    5.691    5.849    5.965    6.046    6.097
    6.155    6.314    6.366    6.758    6.936    7.052    7.192    7.347    7.444    7.487
    7.742    7.772    7.908    7.950    8.063    8.334    8.456    8.948    9.252    9.296
            0.100000  0.087776  0.000000
  -44.195  -44.195  -44.194  -44.194  -44.189  -44.189  -44.188  -44.188  -44.188  -44.188
  -44.187  -44.187  -44.165  -44.164  -44.161  -44.161  -44.159  -44.159  -44.159  -44.159
  -44.155  -44.155  -44.154  -44.154  -44.152  -44.152  -44.146  -44.146  -44.146  -44.146
  -44.095  -44.095  -44.093  -44.093  -44.058  -44.058  -44.053  -44.053  -44.042  -44.042
  -18.162  -18.157  -18.148  -18.147  -18.146  -18.144  -18.141  -18.141  -18.129  -18.129
  -18.124  -18.123  -18.121  -18.117  -18.117  -18.116  -18.116  -18.111  -18.111  -18.109
  -18.109  -18.107  -18.107  -18.095  -18.095  -18.091  -18.089  -18.084  -18.084  -18.081
  -18.077  -18.077  -18.065  -18.065  -18.060  -18.060  -18.057  -18.057  -18.052  -18.052
  -10.335  -10.257  -10.163  -10.110   -9.385   -9.266   -9.163   -9.115   -4.111   -3.913
   -3.634   -3.378   -2.501   -2.306   -2.176   -2.138   -1.246   -0.872   -0.448   -0.117
   -0.093    0.034    0.122    0.263    0.536    0.674    0.707    0.776    1.081    1.166
    1.289    1.444    1.689    1.756    1.916    2.220    2.397    2.632    2.799    2.851
    4.297    4.814    5.345    5.503    5.633    5.903    5.932    5.980    6.051    6.082
    6.108    6.303    6.372    6.757    6.902    7.094    7.267    7.347    7.414    7.696
    7.766    7.979    8.008    8.032    8.221    8.288    8.409    8.907    9.201    9.275
            0.075000  0.065832  0.000000
  -44.195  -44.195  -44.194  -44.194  -44.189  -44.189  -44.188  -44.188  -44.188  -44.188
  -44.187  -44.187  -44.165  -44.164  -44.161  -44.161  -44.159  -44.159  -44.159  -44.159
  -44.155  -44.155  -44.154  -44.154  -44.152  -44.152  -44.146  -44.146  -44.146  -44.146
  -44.095  -44.095  -44.093  -44.093  -44.058  -44.058  -44.053  -44.053  -44.042  -44.042
  -18.163  -18.157  -18.148  -18.147  -18.146  -18.143  -18.141  -18.140  -18.130  -18.130
  -18.124  -18.123  -18.122  -18.117  -18.117  -18.116  -18.116  -18.111  -18.111  -18.109
  -18.108  -18.107  -18.107  -18.095  -18.095  -18.091  -18.090  -18.084  -18.084  -18.082
  -18.077  -18.077  -18.065  -18.065  -18.060  -18.060  -18.058  -18.058  -18.052  -18.052
  -10.373  -10.294  -10.198  -10.145   -9.393   -9.271   -9.164   -9.113   -4.057   -3.861
   -3.583   -3.330   -2.380   -2.175   -2.044   -2.009   -1.282   -0.924   -0.490   -0.083
   -0.040    0.082    0.171    0.272    0.430    0.550    0.570    0.626    1.160    1.250
    1.362    1.461    1.617    1.630    1.769    2.094    2.431    2.649    2.820    2.873
    4.245    4.779    5.451    5.601    5.761    5.855    5.930    5.998    6.062    6.135
    6.232    6.345    6.442    6.778    6.883    7.165    7.207    7.340    7.578    7.736
    7.949    7.991    8.057    8.219    8.276    8.387    8.486    8.857    9.136    9.224
            0.050000  0.043888  0.000000
  -44.195  -44.195  -44.194  -44.194  -44.189  -44.189  -44.188  -44.188  -44.188  -44.188
  -44.187  -44.187  -44.165  -44.164  -44.161  -44.161  -44.159  -44.159  -44.159  -44.159
  -44.155  -44.155  -44.154  -44.154  -44.152  -44.152  -44.146  -44.146  -44.146  -44.146
  -44.095  -44.095  -44.093  -44.093  -44.058  -44.057  -44.053  -44.053  -44.042  -44.042
  -18.164  -18.158  -18.149  -18.147  -18.146  -18.143  -18.140  -18.140  -18.130  -18.130
  -18.124  -18.123  -18.122  -18.118  -18.117  -18.116  -18.115  -18.111  -18.111  -18.108
  -18.108  -18.107  -18.107  -18.095  -18.095  -18.091  -18.090  -18.084  -18.084  -18.082
  -18.077  -18.077  -18.065  -18.065  -18.060  -18.060  -18.058  -18.058  -18.052  -18.052
  -10.400  -10.320  -10.224  -10.170   -9.399   -9.275   -9.166   -9.112   -4.012   -3.818
   -3.542   -3.290   -2.286   -2.069   -1.935   -1.899   -1.306   -0.966   -0.538   -0.119
   -0.003    0.105    0.219    0.298    0.354    0.454    0.497    0.510    1.221    1.312
    1.362    1.427    1.552    1.622    1.659    1.987    2.461    2.665    2.839    2.889
    4.209    4.750    5.467    5.644    5.740    5.826    5.870    6.001    6.036    6.189
    6.412    6.454    6.605    6.786    6.931    7.161    7.267    7.293    7.692    7.777
    7.955    8.067    8.115    8.203    8.365    8.503    8.695    8.814    9.086    9.174
            0.025000  0.021944  0.000000
  -44.195  -44.195  -44.194  -44.194  -44.189  -44.189  -44.188  -44.188  -44.188  -44.188
  -44.187  -44.187  -44.165  -44.164  -44.161  -44.161  -44.159  -44.159  -44.159  -44.159
  -44.155  -44.155  -44.154  -44.154  -44.152  -44.152  -44.146  -44.146  -44.146  -44.146
  -44.095  -44.095  -44.093  -44.093  -44.058  -44.057  -44.053  -44.053  -44.042  -44.042
  -18.164  -18.158  -18.149  -18.148  -18.146  -18.143  -18.140  -18.139  -18.131  -18.131
  -18.124  -18.124  -18.122  -18.118  -18.118  -18.115  -18.115  -18.111  -18.111  -18.108
  -18.108  -18.107  -18.107  -18.096  -18.095  -18.091  -18.090  -18.084  -18.084  -18.082
  -18.077  -18.077  -18.064  -18.064  -18.060  -18.060  -18.058  -18.057  -18.052  -18.052
  -10.417  -10.336  -10.240  -10.186   -9.403   -9.277   -9.166   -9.112   -3.982   -3.789
   -3.514   -3.264   -2.228   -1.998   -1.860   -1.820   -1.321   -0.994   -0.574   -0.160
   -0.010    0.140    0.244    0.262    0.338    0.406    0.422    0.498    1.256    1.313
    1.326    1.420    1.518    1.583    1.667    1.921    2.480    2.676    2.850    2.899
    4.189    4.732    5.460    5.639    5.681    5.795    5.829    6.018    6.029    6.222
    6.484    6.576    6.749    6.778    7.039    7.134    7.258    7.371    7.651    7.884
    7.949    8.035    8.106    8.309    8.353    8.632    8.784    8.826    9.056    9.145
            0.000000  0.000000  0.000000
  -44.195  -44.195  -44.194  -44.194  -44.189  -44.189  -44.188  -44.188  -44.188  -44.188
  -44.187  -44.187  -44.164  -44.164  -44.161  -44.161  -44.159  -44.159  -44.159  -44.159
  -44.155  -44.155  -44.154  -44.154  -44.152  -44.152  -44.146  -44.146  -44.146  -44.146
  -44.095  -44.095  -44.093  -44.093  -44.058  -44.057  -44.053  -44.053  -44.042  -44.042
  -18.164  -18.158  -18.149  -18.148  -18.146  -18.143  -18.140  -18.139  -18.131  -18.131
  -18.124  -18.124  -18.122  -18.118  -18.118  -18.115  -18.115  -18.111  -18.111  -18.108
  -18.108  -18.107  -18.107  -18.096  -18.095  -18.091  -18.090  -18.084  -18.084  -18.082
  -18.077  -18.077  -18.064  -18.064  -18.060  -18.060  -18.058  -18.057  -18.052  -18.052
  -10.422  -10.342  -10.245  -10.191   -9.404   -9.278   -9.167   -9.112   -3.971   -3.779
   -3.504   -3.255   -2.208   -1.974   -1.833   -1.791   -1.327   -1.003   -0.588   -0.176
   -0.018    0.171    0.202    0.275    0.333    0.386    0.406    0.501    1.262    1.298
    1.317    1.430    1.490    1.584    1.674    1.900    2.486    2.680    2.855    2.902
    4.182    4.726    5.455    5.636    5.655    5.779    5.815    6.022    6.028    6.238
    6.503    6.622    6.767    6.812    7.097    7.125    7.241    7.418    7.632    7.889
    7.975    8.020    8.097    8.334    8.356    8.675    8.774    8.867    9.047    9.136
