 &plot nbnd= 100, nks=   101 /
            0.000000  0.000000  0.000000
  -39.331  -39.331  -39.331  -39.331  -39.330  -39.330  -39.329  -39.329  -39.301  -39.300
  -39.300  -39.300  -39.297  -39.297  -39.297  -39.297  -39.288  -39.288  -39.288  -39.287
  -13.301  -13.291  -13.286  -13.281  -13.280  -13.277  -13.276  -13.273  -13.260  -13.259
  -13.258  -13.251  -13.248  -13.247  -13.227  -13.227  -13.220  -13.220  -13.219  -13.212
   -5.589   -5.324   -4.604   -4.238    0.825    1.690    2.495    3.067    3.425    4.681
    4.965    4.973    4.996    5.386    6.040    6.212    6.564    7.092    7.263    7.739
    8.943   10.558   10.673   10.753   10.991   11.419   11.555   12.386   12.590   12.901
   13.338   13.790   14.004   14.367   14.745   15.166   15.320   16.203   16.222   16.518
   16.549   16.612   16.804   17.120   17.442   17.543   18.107   18.187   18.567   18.790
   19.104   19.305   20.107   20.291   20.545   20.720   21.802   22.117   23.158   23.210
            0.025000  0.000000  0.000000
  -39.331  -39.331  -39.331  -39.331  -39.330  -39.330  -39.330  -39.329  -39.301  -39.300
  -39.300  -39.300  -39.297  -39.297  -39.297  -39.297  -39.288  -39.288  -39.288  -39.287
  -13.301  -13.291  -13.286  -13.281  -13.280  -13.277  -13.277  -13.273  -13.260  -13.259
  -13.257  -13.252  -13.248  -13.247  -13.227  -13.227  -13.220  -13.220  -13.219  -13.212
   -5.586   -5.321   -4.602   -4.238    0.822    1.684    2.492    3.051    3.426    4.686
    4.932    4.976    5.028    5.379    6.043    6.214    6.556    7.101    7.264    7.737
    8.948   10.570   10.686   10.772   10.969   11.392   11.561   12.350   12.556   12.920
   13.347   13.765   14.010   14.366   14.706   15.120   15.288   16.218   16.220   16.450
   16.632   16.652   16.876   17.162   17.469   17.563   18.079   18.216   18.528   18.835
   19.139   19.372   20.095   20.163   20.448   20.934   21.884   22.083   23.128   23.232
            0.050000  0.000000  0.000000
  -39.331  -39.331  -39.331  -39.331  -39.330  -39.330  -39.330  -39.329  -39.301  -39.300
  -39.300  -39.300  -39.297  -39.297  -39.297  -39.297  -39.288  -39.288  -39.288  -39.288
  -13.300  -13.290  -13.286  -13.281  -13.280  -13.277  -13.277  -13.274  -13.260  -13.259
  -13.257  -13.252  -13.248  -13.247  -13.227  -13.227  -13.221  -13.219  -13.219  -13.212
   -5.576   -5.311   -4.597   -4.236    0.813    1.667    2.482    3.004    3.430    4.699
    4.888    4.986    5.071    5.356    6.050    6.220    6.531    7.126    7.267    7.731
    8.961   10.604   10.723   10.825   10.890   11.335   11.581   12.252   12.459   12.963
   13.366   13.693   14.033   14.356   14.596   15.007   15.203   16.217   16.261   16.410
   16.707   16.791   17.041   17.256   17.545   17.634   18.032   18.305   18.448   18.963
   19.237   19.512   19.818   20.222   20.321   21.289   21.866   22.204   23.032   23.277
            0.075000  0.000000  0.000000
  -39.331  -39.331  -39.331  -39.331  -39.330  -39.330  -39.330  -39.329  -39.301  -39.300
  -39.300  -39.300  -39.297  -39.297  -39.297  -39.297  -39.288  -39.288  -39.288  -39.288
  -13.299  -13.290  -13.285  -13.281  -13.280  -13.278  -13.277  -13.274  -13.260  -13.259
  -13.257  -13.253  -13.247  -13.247  -13.227  -13.226  -13.221  -13.219  -13.218  -13.212
   -5.559   -5.297   -4.589   -4.233    0.797    1.638    2.465    2.928    3.437    4.721
    4.845    5.003    5.114    5.322    6.061    6.230    6.494    7.168    7.272    7.719
    8.983   10.649   10.740   10.780   10.907   11.283   11.615   12.116   12.316   13.003
   13.373   13.587   14.080   14.325   14.433   14.875   15.088   16.218   16.325   16.412
   16.840   16.939   17.217   17.315   17.665   17.784   18.056   18.381   18.458   19.156
   19.385   19.428   19.832   19.947   20.554   21.668   21.685   22.501   22.872   23.321
            0.100000  0.000000  0.000000
  -39.331  -39.331  -39.331  -39.331  -39.330  -39.330  -39.329  -39.329  -39.301  -39.300
  -39.300  -39.300  -39.297  -39.297  -39.297  -39.297  -39.288  -39.288  -39.288  -39.288
  -13.299  -13.290  -13.284  -13.282  -13.279  -13.278  -13.278  -13.274  -13.260  -13.259
  -13.257  -13.253  -13.247  -13.247  -13.228  -13.226  -13.222  -13.219  -13.218  -13.212
   -5.535   -5.276   -4.577   -4.230    0.777    1.598    2.439    2.827    3.449    4.752
    4.805    5.026    5.157    5.280    6.078    6.242    6.449    7.221    7.277    7.699
    9.012   10.533   10.692   10.847   11.009   11.240   11.666   11.965   12.146   13.023
   13.353   13.461   14.156   14.240   14.263   14.765   14.964   16.215   16.407   16.448
   17.010   17.083   17.282   17.362   17.826   18.034   18.218   18.337   18.671   19.208
   19.398   19.575   19.665   20.062   20.835   21.473   22.050   22.663   22.807   23.172
            0.125000  0.000000  0.000000
  -39.331  -39.331  -39.331  -39.331  -39.330  -39.330  -39.330  -39.329  -39.301  -39.300
  -39.300  -39.300  -39.297  -39.297  -39.297  -39.297  -39.288  -39.288  -39.288  -39.288
  -13.298  -13.289  -13.283  -13.282  -13.279  -13.279  -13.278  -13.275  -13.260  -13.259
  -13.256  -13.254  -13.247  -13.246  -13.228  -13.225  -13.223  -13.219  -13.218  -13.212
   -5.505   -5.249   -4.564   -4.226    0.750    1.548    2.402    2.705    3.468    4.771
    4.792    5.056    5.200    5.235    6.099    6.255    6.402    7.282    7.285    7.668
    9.048   10.292   10.713   10.910   11.114   11.192   11.731   11.822   11.976   13.023
   13.300   13.331   14.040   14.174   14.258   14.702   14.845   16.194   16.502   16.505
   17.183   17.204   17.223   17.497   18.023   18.271   18.356   18.478   18.934   19.096
   19.403   19.675   19.799   20.320   21.143   21.258   22.403   22.430   22.928   23.019
            0.150000  0.000000  0.000000
  -39.331  -39.331  -39.331  -39.331  -39.330  -39.330  -39.330  -39.329  -39.301  -39.300
  -39.300  -39.300  -39.297  -39.297  -39.297  -39.297  -39.288  -39.288  -39.288  -39.288
  -13.296  -13.289  -13.283  -13.282  -13.279  -13.278  -13.278  -13.275  -13.260  -13.259
  -13.255  -13.255  -13.247  -13.246  -13.229  -13.225  -13.224  -13.218  -13.217  -13.212
   -5.469   -5.218   -4.548   -4.223    0.719    1.491    2.354    2.565    3.494    4.744
    4.840    5.091    5.190    5.244    6.124    6.266    6.361    7.286    7.356    7.626
    9.090   10.036   10.692   10.945   11.125   11.203   11.702   11.743   11.895   13.006
   13.205   13.223   13.863   14.072   14.384   14.697   14.740   16.140   16.564   16.603
   17.141   17.319   17.371   17.653   18.132   18.257   18.703   18.783   19.159   19.202
   19.236   19.976   20.053   20.585   21.051   21.443   22.213   22.513   22.692   23.028
            0.175000  0.000000  0.000000
  -39.331  -39.331  -39.331  -39.331  -39.330  -39.330  -39.330  -39.329  -39.300  -39.300
  -39.300  -39.300  -39.297  -39.297  -39.297  -39.297  -39.288  -39.288  -39.288  -39.288
  -13.295  -13.289  -13.284  -13.281  -13.280  -13.278  -13.277  -13.276  -13.260  -13.259
  -13.255  -13.255  -13.247  -13.245  -13.230  -13.225  -13.224  -13.218  -13.217  -13.212
   -5.427   -5.181   -4.530   -4.221    0.683    1.427    2.293    2.411    3.529    4.727
    4.896    5.132    5.151    5.288    6.154    6.260    6.343    7.289    7.431    7.573
    9.138    9.775   10.617   10.924   11.036   11.252   11.606   11.644   11.982   12.974
   13.075   13.140   13.750   13.978   14.538   14.655   14.746   16.049   16.612   16.705
   17.118   17.406   17.508   17.802   17.980   18.521   18.921   19.104   19.242   19.360
   19.565   20.291   20.327   20.848   20.859   21.617   22.138   22.298   22.472   22.984
            0.200000  0.000000  0.000000
  -39.331  -39.331  -39.331  -39.331  -39.330  -39.330  -39.329  -39.329  -39.301  -39.300
  -39.300  -39.300  -39.297  -39.297  -39.297  -39.297  -39.288  -39.288  -39.288  -39.288
  -13.294  -13.289  -13.284  -13.282  -13.279  -13.278  -13.277  -13.276  -13.260  -13.259
  -13.256  -13.254  -13.248  -13.245  -13.230  -13.227  -13.224  -13.218  -13.216  -13.212
   -5.379   -5.140   -4.512   -4.220    0.645    1.359    2.220    2.249    3.575    4.720
    4.960    5.120    5.178    5.332    6.186    6.235    6.353    7.288    7.506    7.509
    9.189    9.519   10.498   10.831   10.925   11.244   11.519   11.580   12.091   12.916
   12.922   13.069   13.750   13.919   14.592   14.725   14.842   15.930   16.648   16.804
   17.138   17.445   17.489   17.877   18.012   18.806   18.992   19.419   19.590   19.639
   19.908   20.610   20.613   20.691   21.098   21.528   22.043   22.280   22.354   22.865
            0.225000  0.000000  0.000000
  -39.331  -39.331  -39.331  -39.331  -39.329  -39.329  -39.329  -39.329  -39.301  -39.300
  -39.300  -39.300  -39.297  -39.297  -39.297  -39.297  -39.288  -39.288  -39.288  -39.288
  -13.292  -13.289  -13.285  -13.283  -13.278  -13.277  -13.277  -13.275  -13.260  -13.259
  -13.257  -13.253  -13.248  -13.244  -13.231  -13.228  -13.223  -13.217  -13.216  -13.212
   -5.326   -5.094   -4.494   -4.221    0.604    1.290    2.081    2.135    3.630    4.724
    5.029    5.102    5.227    5.374    6.206    6.222    6.375    7.284    7.438    7.577
    9.245    9.275   10.352   10.678   10.800   11.180   11.423   11.559   12.177   12.724
   12.849   13.020   13.873   13.924   14.556   14.949   14.978   15.798   16.671   16.900
   17.191   17.318   17.408   17.901   18.243   19.098   19.165   19.703   19.957   19.977
   20.252   20.563   20.856   20.931   21.299   21.413   21.838   22.129   22.671   22.724
            0.250000  0.000000  0.000000
  -39.331  -39.331  -39.331  -39.331  -39.330  -39.329  -39.329  -39.329  -39.301  -39.301
  -39.300  -39.300  -39.297  -39.297  -39.297  -39.297  -39.288  -39.288  -39.288  -39.288
  -13.291  -13.290  -13.286  -13.284  -13.278  -13.276  -13.276  -13.274  -13.260  -13.259
  -13.258  -13.252  -13.248  -13.244  -13.232  -13.229  -13.222  -13.217  -13.216  -13.212
   -5.268   -5.045   -4.476   -4.226    0.563    1.221    1.911    2.041    3.696    4.737
    5.075    5.125    5.278    5.412    6.179    6.259    6.403    7.276    7.361    7.636
    9.054    9.303   10.195   10.496   10.666   11.070   11.311   11.556   12.219   12.515
   12.752   12.992   14.009   14.095   14.555   15.148   15.211   15.664   16.665   16.991
   17.152   17.269   17.274   17.953   18.538   19.376   19.401   19.920   20.282   20.283
   20.560   20.580   20.936   21.230   21.314   21.515   21.843   22.043   22.582   22.992
            0.275000  0.000000  0.000000
  -39.331  -39.331  -39.331  -39.331  -39.330  -39.329  -39.329  -39.329  -39.301  -39.301
  -39.300  -39.300  -39.297  -39.297  -39.297  -39.297  -39.288  -39.288  -39.288  -39.288
  -13.290  -13.290  -13.287  -13.285  -13.278  -13.275  -13.275  -13.273  -13.260  -13.259
  -13.258  -13.251  -13.249  -13.243  -13.233  -13.231  -13.221  -13.216  -13.215  -13.212
   -5.206   -4.994   -4.460   -4.235    0.524    1.157    1.741    1.939    3.770    4.760
    5.085    5.205    5.331    5.446    6.154    6.296    6.435    7.264    7.283    7.671
    8.868    9.361   10.038   10.304   10.531   10.933   11.185   11.546   12.222   12.303
   12.635   12.976   14.156   14.388   14.608   15.345   15.507   15.538   16.586   17.074
   17.077   17.080   17.366   18.049   18.851   19.614   19.614   20.014   20.353   20.549
   20.840   20.860   20.930   21.213   21.496   21.816   22.045   22.049   22.467   22.923
            0.300000  0.000000  0.000000
  -39.331  -39.331  -39.331  -39.331  -39.330  -39.329  -39.329  -39.329  -39.301  -39.301
  -39.300  -39.300  -39.297  -39.297  -39.297  -39.297  -39.288  -39.288  -39.288  -39.288
  -13.291  -13.290  -13.288  -13.286  -13.278  -13.274  -13.273  -13.272  -13.260  -13.259
  -13.259  -13.251  -13.249  -13.243  -13.234  -13.232  -13.220  -13.216  -13.215  -13.212
   -5.140   -4.939   -4.447   -4.248    0.489    1.099    1.574    1.832    3.854    4.789
    5.103    5.297    5.383    5.473    6.128    6.333    6.471    7.209    7.246    7.666
    8.735    9.417    9.888   10.113   10.401   10.783   11.056   11.512   12.096   12.212
   12.501   12.964   14.304   14.730   14.758   15.426   15.560   15.830   16.431   16.861
   17.101   17.158   17.477   18.175   19.161   19.729   19.788   19.958   20.440   20.579
   20.991   21.043   21.160   21.314   21.755   22.124   22.178   22.311   22.407   22.977
            0.325000  0.000000  0.000000
  -39.331  -39.331  -39.331  -39.331  -39.329  -39.329  -39.329  -39.329  -39.301  -39.301
  -39.300  -39.300  -39.297  -39.297  -39.297  -39.297  -39.288  -39.288  -39.288  -39.288
  -13.292  -13.289  -13.288  -13.288  -13.277  -13.273  -13.272  -13.272  -13.260  -13.259
  -13.259  -13.250  -13.250  -13.242  -13.234  -13.234  -13.219  -13.215  -13.214  -13.212
   -5.072   -4.884   -4.437   -4.267    0.460    1.051    1.412    1.722    3.945    4.821
    5.132    5.396    5.431    5.492    6.099    6.367    6.512    7.140    7.223    7.609
    8.670    9.466    9.748    9.930   10.282   10.633   10.931   11.446   11.903   12.212
   12.357   12.950   14.412   15.026   15.104   15.334   15.782   16.166   16.252   16.637
   17.194   17.232   17.602   18.326   19.445   19.748   19.808   19.888   20.411   20.560
   21.092   21.099   21.440   21.608   22.064   22.235   22.410   22.554   22.597   23.170
            0.350000  0.000000  0.000000
  -39.331  -39.331  -39.331  -39.331  -39.329  -39.329  -39.329  -39.329  -39.301  -39.301
  -39.300  -39.300  -39.297  -39.297  -39.297  -39.297  -39.288  -39.288  -39.288  -39.288
  -13.292  -13.289  -13.289  -13.289  -13.277  -13.272  -13.271  -13.271  -13.260  -13.260
  -13.259  -13.251  -13.249  -13.242  -13.235  -13.235  -13.219  -13.215  -13.214  -13.212
   -5.000   -4.827   -4.433   -4.292    0.439    1.013    1.258    1.612    4.043    4.853
    5.171    5.475    5.501    5.504    6.063    6.398    6.559    7.081    7.194    7.505
    8.670    9.502    9.622    9.761   10.180   10.491   10.821   11.350   11.729   12.206
   12.234   12.928   14.500   15.252   15.369   15.509   15.999   16.064   16.420   16.506
   17.299   17.343   17.739   18.496   19.624   19.673   19.725   19.926   20.206   20.616
   21.058   21.172   21.702   21.935   22.337   22.401   22.450   22.890   22.903   23.432
            0.375000  0.000000  0.000000
  -39.331  -39.331  -39.331  -39.331  -39.329  -39.329  -39.329  -39.329  -39.301  -39.300
  -39.300  -39.300  -39.297  -39.297  -39.297  -39.297  -39.288  -39.288  -39.288  -39.287
  -13.293  -13.290  -13.290  -13.289  -13.276  -13.271  -13.271  -13.270  -13.260  -13.260
  -13.259  -13.251  -13.248  -13.241  -13.237  -13.236  -13.218  -13.215  -13.213  -13.212
   -4.928   -4.772   -4.433   -4.323    0.428    0.988    1.114    1.505    4.146    4.877
    5.219    5.510    5.513    5.611    6.020    6.420    6.609    7.033    7.161    7.375
    8.717    9.510    9.517    9.609   10.097   10.367   10.732   11.235   11.581   12.053
   12.277   12.896   14.590   15.200   15.751   15.890   15.917   16.124   16.289   16.807
   17.360   17.558   17.886   18.676   19.436   19.689   19.765   19.926   20.060   20.582
   20.961   21.190   21.920   22.213   22.335   22.438   22.856   22.997   23.209   23.377
            0.400000  0.000000  0.000000
  -39.331  -39.331  -39.331  -39.331  -39.329  -39.329  -39.329  -39.329  -39.300  -39.300
  -39.300  -39.300  -39.297  -39.297  -39.297  -39.297  -39.288  -39.288  -39.288  -39.288
  -13.293  -13.291  -13.290  -13.290  -13.275  -13.271  -13.270  -13.269  -13.260  -13.260
  -13.258  -13.252  -13.247  -13.241  -13.238  -13.236  -13.217  -13.214  -13.213  -13.212
   -4.854   -4.717   -4.440   -4.361    0.430    0.978    0.980    1.403    4.253    4.884
    5.274    5.526    5.534    5.726    5.968    6.430    6.663    6.994    7.125    7.242
    8.792    9.414    9.479    9.503   10.038   10.265   10.669   11.112   11.466   11.904
   12.333   12.856   14.691   15.169   15.731   15.959   16.143   16.325   16.440   17.048
   17.419   17.851   18.043   18.839   19.262   19.642   19.649   19.913   20.033   20.495
   20.838   21.109   21.867   22.344   22.460   22.481   22.840   23.255   23.263   23.600
            0.425000  0.000000  0.000000
  -39.331  -39.331  -39.331  -39.331  -39.329  -39.329  -39.329  -39.329  -39.301  -39.300
  -39.300  -39.300  -39.297  -39.297  -39.297  -39.297  -39.288  -39.288  -39.288  -39.288
  -13.293  -13.291  -13.290  -13.290  -13.274  -13.271  -13.269  -13.268  -13.261  -13.260
  -13.258  -13.253  -13.246  -13.240  -13.239  -13.237  -13.216  -13.214  -13.213  -13.213
   -4.781   -4.665   -4.453   -4.405    0.445    0.859    0.982    1.308    4.362    4.868
    5.332    5.545    5.550    5.845    5.908    6.419    6.717    6.962    7.087    7.127
    8.883    9.335    9.373    9.457   10.003   10.187   10.635   10.991   11.392   11.761
   12.399   12.806   14.805   15.162   15.588   15.763   16.509   16.608   16.715   17.230
   17.497   18.198   18.207   18.919   19.120   19.458   19.633   19.898   19.965   20.405
   20.708   20.908   21.685   22.326   22.360   22.662   22.782   23.422   23.538   23.967
            0.450000  0.000000  0.000000
  -39.331  -39.331  -39.331  -39.331  -39.330  -39.329  -39.329  -39.329  -39.301  -39.301
  -39.300  -39.300  -39.297  -39.297  -39.297  -39.297  -39.288  -39.288  -39.288  -39.288
  -13.293  -13.292  -13.291  -13.290  -13.273  -13.271  -13.268  -13.268  -13.261  -13.260
  -13.257  -13.254  -13.245  -13.240  -13.240  -13.238  -13.215  -13.213  -13.213  -13.213
   -4.710   -4.616   -4.473   -4.456    0.474    0.751    1.001    1.222    4.470    4.825
    5.390    5.541    5.589    5.843    5.966    6.378    6.770    6.931    7.046    7.051
    8.983    9.275    9.295    9.384    9.992   10.126   10.631   10.880   11.362   11.632
   12.470   12.748   14.932   15.177   15.464   15.573   16.751   16.788   17.057   17.364
   17.644   18.372   18.532   18.828   19.036   19.304   19.686   19.817   19.888   20.349
   20.583   20.601   21.570   22.154   22.301   22.531   23.089   23.634   23.669   24.232
            0.475000  0.000000  0.000000
  -39.331  -39.331  -39.331  -39.331  -39.329  -39.329  -39.329  -39.329  -39.301  -39.301
  -39.300  -39.300  -39.297  -39.297  -39.297  -39.297  -39.288  -39.288  -39.288  -39.288
  -13.293  -13.293  -13.291  -13.291  -13.272  -13.271  -13.268  -13.268  -13.261  -13.261
  -13.256  -13.255  -13.244  -13.242  -13.239  -13.238  -13.215  -13.213  -13.213  -13.213
   -4.641   -4.572   -4.513   -4.499    0.520    0.659    1.035    1.147    4.576    4.758
    5.443    5.521    5.642    5.774    6.087    6.303    6.819    6.899    7.007    7.020
    9.088    9.239    9.247    9.293   10.003   10.074   10.656   10.784   11.377   11.520
   12.542   12.684   15.073   15.215   15.360   15.395   16.860   16.918   17.310   17.442
   17.909   18.524   18.578   18.704   19.048   19.247   19.705   19.777   19.876   20.235
   20.344   20.472   21.573   21.910   22.318   22.438   23.360   23.646   23.900   24.196
            0.500000  0.000000  0.000000
  -39.331  -39.331  -39.331  -39.331  -39.329  -39.329  -39.329  -39.329  -39.301  -39.301
  -39.300  -39.300  -39.297  -39.297  -39.297  -39.297  -39.288  -39.288  -39.288  -39.288
  -13.293  -13.293  -13.291  -13.291  -13.271  -13.271  -13.268  -13.268  -13.261  -13.261
  -13.255  -13.255  -13.243  -13.243  -13.239  -13.239  -13.214  -13.214  -13.213  -13.213
   -4.575   -4.575   -4.533   -4.533    0.581    0.581    1.084    1.084    4.673    4.673
    5.488    5.488    5.705    5.705    6.202    6.202    6.862    6.862    7.002    7.002
    9.192    9.192    9.229    9.229   10.032   10.032   10.708   10.708   11.432   11.432
   12.614   12.614   15.228   15.228   15.277   15.277   16.925   16.925   17.437   17.437
   18.247   18.247   18.651   18.651   19.159   19.159   19.845   19.845   19.880   19.880
   20.388   20.388   21.698   21.698   22.368   22.368   23.556   23.556   24.080   24.080
            0.500000  0.021944  0.000000
  -39.331  -39.331  -39.331  -39.331  -39.329  -39.329  -39.329  -39.329  -39.301  -39.301
  -39.300  -39.300  -39.297  -39.297  -39.297  -39.297  -39.288  -39.288  -39.288  -39.288
  -13.293  -13.293  -13.291  -13.291  -13.271  -13.271  -13.268  -13.268  -13.261  -13.261
  -13.255  -13.255  -13.243  -13.243  -13.239  -13.239  -13.214  -13.214  -13.213  -13.213
   -4.574   -4.574   -4.532   -4.532    0.584    0.584    1.086    1.086    4.670    4.670
    5.466    5.466    5.676    5.676    6.224    6.224    6.835    6.835    7.021    7.021
    9.137    9.137    9.284    9.284   10.054   10.054   10.748   10.748   11.442   11.442
   12.607   12.607   15.056   15.056   15.456   15.456   16.895   16.895   17.452   17.452
   18.202   18.202   18.712   18.712   19.160   19.160   19.849   19.849   19.889   19.889
   20.399   20.399   21.704   21.704   22.350   22.350   23.512   23.512   24.039   24.039
            0.500000  0.043888  0.000000
  -39.331  -39.331  -39.331  -39.331  -39.329  -39.329  -39.329  -39.329  -39.301  -39.301
  -39.300  -39.300  -39.297  -39.297  -39.297  -39.297  -39.288  -39.288  -39.288  -39.288
  -13.293  -13.293  -13.291  -13.291  -13.272  -13.272  -13.268  -13.268  -13.261  -13.261
  -13.255  -13.255  -13.243  -13.243  -13.239  -13.239  -13.214  -13.214  -13.213  -13.213
   -4.571   -4.571   -4.529   -4.529    0.592    0.592    1.090    1.090    4.659    4.659
    5.400    5.400    5.613    5.613    6.265    6.265    6.773    6.773    7.062    7.062
    9.062    9.062    9.365    9.365   10.121   10.121   10.857   10.857   11.473   11.473
   12.584   12.584   14.874   14.874   15.661   15.661   16.820   16.820   17.488   17.488
   18.117   18.117   18.844   18.844   19.163   19.163   19.858   19.858   19.918   19.918
   20.433   20.433   21.722   21.722   22.300   22.300   23.390   23.390   23.927   23.927
            0.500000  0.065832  0.000000
  -39.331  -39.331  -39.331  -39.331  -39.329  -39.329  -39.329  -39.329  -39.301  -39.301
  -39.301  -39.301  -39.297  -39.297  -39.297  -39.297  -39.288  -39.288  -39.288  -39.288
  -13.293  -13.293  -13.291  -13.291  -13.272  -13.272  -13.268  -13.268  -13.261  -13.261
  -13.255  -13.255  -13.243  -13.243  -13.238  -13.238  -13.214  -13.214  -13.213  -13.213
   -4.566   -4.566   -4.525   -4.525    0.606    0.606    1.097    1.097    4.640    4.640
    5.294    5.294    5.547    5.547    6.287    6.287    6.695    6.695    7.115    7.115
    8.986    8.986    9.467    9.467   10.236   10.236   11.009   11.009   11.528   11.528
   12.548   12.548   14.704   14.704   15.855   15.855   16.729   16.729   17.525   17.525
   18.043   18.043   18.992   18.992   19.171   19.171   19.872   19.872   19.963   19.963
   20.492   20.492   21.751   21.751   22.224   22.224   23.205   23.205   23.762   23.762
            0.500000  0.087776  0.000000
  -39.331  -39.331  -39.331  -39.331  -39.329  -39.329  -39.329  -39.329  -39.301  -39.301
  -39.301  -39.301  -39.297  -39.297  -39.297  -39.297  -39.288  -39.288  -39.288  -39.288
  -13.294  -13.294  -13.291  -13.291  -13.272  -13.272  -13.268  -13.268  -13.260  -13.260
  -13.255  -13.255  -13.243  -13.243  -13.238  -13.238  -13.214  -13.214  -13.213  -13.213
   -4.560   -4.560   -4.520   -4.520    0.625    0.625    1.107    1.107    4.608    4.608
    5.168    5.168    5.482    5.482    6.269    6.269    6.613    6.613    7.173    7.173
    8.921    8.921    9.594    9.594   10.393   10.393   11.177   11.177   11.616   11.616
   12.502   12.502   14.547   14.547   16.004   16.004   16.668   16.668   17.551   17.551
   17.999   17.999   19.125   19.125   19.195   19.195   19.891   19.891   20.019   20.019
   20.581   20.581   21.784   21.784   22.133   22.133   22.980   22.980   23.563   23.563
            0.500000  0.109720  0.000000
  -39.331  -39.331  -39.331  -39.331  -39.329  -39.329  -39.329  -39.329  -39.301  -39.301
  -39.301  -39.301  -39.297  -39.297  -39.297  -39.297  -39.288  -39.288  -39.288  -39.288
  -13.294  -13.294  -13.291  -13.291  -13.272  -13.272  -13.268  -13.268  -13.260  -13.260
  -13.255  -13.255  -13.243  -13.243  -13.238  -13.238  -13.215  -13.215  -13.212  -13.212
   -4.552   -4.552   -4.513   -4.513    0.648    0.648    1.119    1.119    4.561    4.561
    5.039    5.039    5.417    5.417    6.206    6.206    6.536    6.536    7.225    7.225
    8.884    8.884    9.749    9.749   10.580   10.580   11.337   11.337   11.747   11.747
   12.449   12.449   14.404   14.404   16.041   16.041   16.707   16.707   17.564   17.564
   17.991   17.991   19.181   19.181   19.281   19.281   19.912   19.912   20.079   20.079
   20.702   20.702   21.801   21.801   22.048   22.048   22.734   22.734   23.350   23.350
            0.500000  0.131663  0.000000
  -39.331  -39.331  -39.331  -39.331  -39.329  -39.329  -39.329  -39.329  -39.301  -39.301
  -39.301  -39.301  -39.297  -39.297  -39.297  -39.297  -39.288  -39.288  -39.288  -39.288
  -13.294  -13.294  -13.292  -13.292  -13.272  -13.272  -13.268  -13.268  -13.260  -13.260
  -13.255  -13.255  -13.243  -13.243  -13.238  -13.238  -13.215  -13.215  -13.212  -13.212
   -4.543   -4.543   -4.505   -4.505    0.677    0.677    1.134    1.134    4.494    4.494
    4.919    4.919    5.350    5.350    6.111    6.111    6.461    6.461    7.259    7.259
    8.885    8.885    9.926    9.926   10.787   10.787   11.477   11.477   11.917   11.917
   12.399   12.399   14.274   14.274   15.964   15.964   16.847   16.847   17.574   17.574
   18.017   18.017   19.209   19.209   19.377   19.377   19.932   19.932   20.138   20.138
   20.850   20.850   21.756   21.756   22.003   22.003   22.490   22.490   23.149   23.149
            0.500000  0.153607  0.000000
  -39.331  -39.331  -39.331  -39.331  -39.329  -39.329  -39.329  -39.329  -39.301  -39.301
  -39.301  -39.301  -39.297  -39.297  -39.297  -39.297  -39.288  -39.288  -39.288  -39.288
  -13.295  -13.295  -13.292  -13.292  -13.272  -13.272  -13.268  -13.268  -13.260  -13.260
  -13.255  -13.255  -13.243  -13.243  -13.237  -13.237  -13.215  -13.215  -13.212  -13.212
   -4.533   -4.533   -4.497   -4.497    0.710    0.710    1.150    1.150    4.406    4.406
    4.814    4.814    5.280    5.280    6.003    6.003    6.384    6.384    7.267    7.267
    8.931    8.931   10.123   10.123   11.003   11.003   11.604   11.604   12.087   12.087
   12.384   12.384   14.158   14.158   15.834   15.834   17.011   17.011   17.603   17.603
   18.072   18.072   19.239   19.239   19.450   19.450   19.943   19.943   20.196   20.196
   21.011   21.011   21.636   21.636   21.978   21.978   22.280   22.280   22.998   22.998
            0.500000  0.175551  0.000000
  -39.331  -39.331  -39.331  -39.331  -39.329  -39.329  -39.329  -39.329  -39.301  -39.301
  -39.301  -39.301  -39.297  -39.297  -39.297  -39.297  -39.288  -39.288  -39.288  -39.288
  -13.295  -13.295  -13.292  -13.292  -13.272  -13.272  -13.268  -13.268  -13.260  -13.260
  -13.254  -13.254  -13.243  -13.243  -13.237  -13.237  -13.215  -13.215  -13.212  -13.212
   -4.522   -4.522   -4.487   -4.487    0.747    0.747    1.167    1.167    4.302    4.302
    4.722    4.722    5.206    5.206    5.897    5.897    6.300    6.300    7.251    7.251
    9.018    9.018   10.333   10.333   11.218   11.218   11.730   11.730   12.153   12.153
   12.496   12.496   14.057   14.057   15.689   15.689   17.132   17.132   17.682   17.682
   18.155   18.155   19.273   19.273   19.500   19.500   19.936   19.936   20.254   20.254
   21.156   21.156   21.467   21.467   21.897   21.897   22.160   22.160   22.935   22.935
            0.500000  0.197495  0.000000
  -39.331  -39.331  -39.331  -39.331  -39.329  -39.329  -39.329  -39.329  -39.301  -39.301
  -39.301  -39.301  -39.297  -39.297  -39.297  -39.297  -39.288  -39.288  -39.288  -39.288
  -13.296  -13.296  -13.293  -13.293  -13.272  -13.272  -13.268  -13.268  -13.260  -13.260
  -13.254  -13.254  -13.243  -13.243  -13.236  -13.236  -13.215  -13.215  -13.212  -13.212
   -4.510   -4.510   -4.477   -4.477    0.788    0.788    1.185    1.185    4.189    4.189
    4.639    4.639    5.125    5.125    5.803    5.803    6.211    6.211    7.216    7.216
    9.137    9.137   10.549   10.549   11.420   11.420   11.857   11.857   12.142   12.142
   12.710   12.710   13.974   13.974   15.546   15.546   17.186   17.186   17.810   17.810
   18.275   18.275   19.307   19.307   19.530   19.530   19.902   19.902   20.315   20.315
   21.239   21.239   21.270   21.270   21.761   21.761   22.160   22.160   22.965   22.965
            0.500000  0.219439  0.000000
  -39.331  -39.331  -39.331  -39.331  -39.329  -39.329  -39.329  -39.329  -39.301  -39.301
  -39.301  -39.301  -39.297  -39.297  -39.297  -39.297  -39.288  -39.288  -39.288  -39.288
  -13.297  -13.297  -13.293  -13.293  -13.272  -13.272  -13.268  -13.268  -13.260  -13.260
  -13.254  -13.254  -13.243  -13.243  -13.236  -13.236  -13.215  -13.215  -13.212  -13.212
   -4.497   -4.497   -4.467   -4.467    0.831    0.831    1.203    1.203    4.076    4.076
    4.562    4.562    5.036    5.036    5.722    5.722    6.123    6.123    7.169    7.169
    9.277    9.277   10.762   10.762   11.595   11.595   11.965   11.965   12.159   12.159
   12.946   12.946   13.910   13.910   15.413   15.413   17.193   17.193   17.946   17.946
   18.440   18.440   19.331   19.331   19.538   19.538   19.843   19.843   20.380   20.380
   21.054   21.054   21.249   21.249   21.625   21.625   22.263   22.263   23.035   23.035
            0.500000  0.241383  0.000000
  -39.331  -39.331  -39.331  -39.331  -39.329  -39.329  -39.329  -39.329  -39.301  -39.301
  -39.301  -39.301  -39.297  -39.297  -39.297  -39.297  -39.288  -39.288  -39.288  -39.288
  -13.297  -13.297  -13.293  -13.293  -13.272  -13.272  -13.268  -13.268  -13.260  -13.260
  -13.254  -13.254  -13.243  -13.243  -13.236  -13.236  -13.215  -13.215  -13.212  -13.212
   -4.485   -4.485   -4.456   -4.456    0.877    0.877    1.221    1.221    3.966    3.966
    4.489    4.489    4.943    4.943    5.651    5.651    6.042    6.042    7.116    7.116
    9.430    9.430   10.959   10.959   11.724   11.724   12.033   12.033   12.265   12.265
   13.181   13.181   13.871   13.871   15.297   15.297   17.176   17.176   18.062   18.062
   18.637   18.637   19.329   19.329   19.512   19.512   19.793   19.793   20.446   20.446
   20.863   20.863   21.190   21.190   21.522   21.522   22.420   22.420   22.996   22.996
            0.500000  0.263327  0.000000
  -39.331  -39.331  -39.331  -39.331  -39.329  -39.329  -39.329  -39.329  -39.301  -39.301
  -39.301  -39.301  -39.297  -39.297  -39.297  -39.297  -39.288  -39.288  -39.287  -39.287
  -13.298  -13.298  -13.294  -13.294  -13.272  -13.272  -13.268  -13.268  -13.259  -13.259
  -13.254  -13.254  -13.243  -13.243  -13.235  -13.235  -13.216  -13.216  -13.212  -13.212
   -4.472   -4.472   -4.446   -4.446    0.923    0.923    1.238    1.238    3.863    3.863
    4.416    4.416    4.851    4.851    5.581    5.581    5.977    5.977    7.061    7.061
    9.588    9.588   11.119   11.119   11.806   11.806   12.114   12.114   12.415   12.415
   13.407   13.407   13.861   13.861   15.203   15.203   17.148   17.148   18.153   18.153
   18.818   18.818   19.286   19.286   19.438   19.438   19.812   19.812   20.509   20.509
   20.713   20.713   21.107   21.107   21.463   21.463   22.538   22.538   22.887   22.887
            0.500000  0.285271  0.000000
  -39.331  -39.331  -39.331  -39.331  -39.329  -39.329  -39.329  -39.329  -39.301  -39.301
  -39.301  -39.301  -39.297  -39.297  -39.297  -39.297  -39.288  -39.288  -39.288  -39.288
  -13.298  -13.298  -13.294  -13.294  -13.273  -13.273  -13.268  -13.268  -13.259  -13.259
  -13.254  -13.254  -13.243  -13.243  -13.235  -13.235  -13.216  -13.216  -13.212  -13.212
   -4.460   -4.460   -4.437   -4.437    0.970    0.970    1.254    1.254    3.770    3.770
    4.344    4.344    4.768    4.768    5.504    5.504    5.936    5.936    7.007    7.007
    9.748    9.748   11.215   11.215   11.885   11.885   12.218   12.218   12.568   12.568
   13.616   13.616   13.884   13.884   15.136   15.136   17.115   17.115   18.215   18.215
   18.886   18.886   19.189   19.189   19.428   19.428   19.903   19.903   20.540   20.540
   20.639   20.639   21.032   21.032   21.440   21.440   22.506   22.506   22.823   22.823
            0.500000  0.307215  0.000000
  -39.331  -39.331  -39.331  -39.331  -39.329  -39.329  -39.329  -39.329  -39.301  -39.301
  -39.301  -39.301  -39.297  -39.297  -39.297  -39.297  -39.288  -39.288  -39.288  -39.288
  -13.299  -13.299  -13.294  -13.294  -13.273  -13.273  -13.268  -13.268  -13.259  -13.259
  -13.253  -13.253  -13.242  -13.242  -13.235  -13.235  -13.216  -13.216  -13.212  -13.212
   -4.448   -4.448   -4.428   -4.428    1.016    1.016    1.268    1.268    3.688    3.688
    4.271    4.271    4.700    4.700    5.418    5.418    5.917    5.917    6.954    6.954
    9.905    9.905   11.240   11.240   11.990   11.990   12.321   12.321   12.711   12.711
   13.804   13.804   13.942   13.942   15.099   15.099   17.082   17.082   18.225   18.225
   18.780   18.780   19.099   19.099   19.535   19.535   20.043   20.043   20.498   20.498
   20.676   20.676   20.985   20.985   21.448   21.448   22.376   22.376   22.688   22.688
            0.500000  0.329159  0.000000
  -39.331  -39.331  -39.331  -39.331  -39.329  -39.329  -39.329  -39.329  -39.301  -39.301
  -39.301  -39.301  -39.297  -39.297  -39.297  -39.297  -39.288  -39.288  -39.288  -39.288
  -13.299  -13.299  -13.294  -13.294  -13.273  -13.273  -13.268  -13.268  -13.259  -13.259
  -13.253  -13.253  -13.242  -13.242  -13.234  -13.234  -13.216  -13.216  -13.212  -13.212
   -4.438   -4.438   -4.420   -4.420    1.059    1.059    1.279    1.279    3.619    3.619
    4.200    4.200    4.650    4.650    5.329    5.329    5.914    5.914    6.905    6.905
   10.058   10.058   11.212   11.212   12.110   12.110   12.406   12.406   12.844   12.844
   13.961   13.961   14.036   14.036   15.088   15.088   17.054   17.054   18.160   18.160
   18.581   18.581   19.083   19.083   19.667   19.667   20.204   20.204   20.462   20.462
   20.722   20.722   20.995   20.995   21.484   21.484   22.229   22.229   22.456   22.456
            0.500000  0.351103  0.000000
  -39.331  -39.331  -39.331  -39.331  -39.329  -39.329  -39.329  -39.329  -39.301  -39.301
  -39.301  -39.301  -39.297  -39.297  -39.297  -39.297  -39.288  -39.288  -39.288  -39.288
  -13.299  -13.299  -13.295  -13.295  -13.273  -13.273  -13.268  -13.268  -13.259  -13.259
  -13.253  -13.253  -13.242  -13.242  -13.234  -13.234  -13.216  -13.216  -13.211  -13.211
   -4.429   -4.429   -4.414   -4.414    1.099    1.099    1.287    1.287    3.562    3.562
    4.132    4.132    4.619    4.619    5.242    5.242    5.922    5.922    6.861    6.861
   10.204   10.204   11.154   11.154   12.221   12.221   12.467   12.467   12.967   12.967
   14.086   14.086   14.154   14.154   15.098   15.098   17.039   17.039   18.030   18.030
   18.361   18.361   19.139   19.139   19.783   19.783   20.346   20.346   20.448   20.448
   20.731   20.731   21.101   21.101   21.542   21.542   22.080   22.080   22.212   22.212
            0.500000  0.373046  0.000000
  -39.331  -39.331  -39.331  -39.331  -39.329  -39.329  -39.329  -39.329  -39.301  -39.301
  -39.301  -39.301  -39.297  -39.297  -39.297  -39.297  -39.288  -39.288  -39.288  -39.288
  -13.300  -13.300  -13.295  -13.295  -13.273  -13.273  -13.268  -13.268  -13.259  -13.259
  -13.253  -13.253  -13.242  -13.242  -13.234  -13.234  -13.216  -13.216  -13.211  -13.211
   -4.421   -4.421   -4.409   -4.409    1.133    1.133    1.293    1.293    3.518    3.518
    4.074    4.074    4.603    4.603    5.165    5.165    5.934    5.934    6.823    6.823
   10.342   10.342   11.079   11.079   12.313   12.313   12.502   12.502   13.079   13.079
   14.193   14.193   14.266   14.266   15.118   15.118   17.042   17.042   17.871   17.871
   18.153   18.153   19.238   19.238   19.871   19.871   20.423   20.423   20.476   20.476
   20.715   20.715   21.272   21.272   21.616   21.616   21.883   21.883   22.071   22.071
            0.500000  0.394990  0.000000
  -39.331  -39.331  -39.331  -39.331  -39.329  -39.329  -39.329  -39.329  -39.301  -39.301
  -39.301  -39.301  -39.297  -39.297  -39.297  -39.297  -39.288  -39.288  -39.288  -39.288
  -13.300  -13.300  -13.295  -13.295  -13.273  -13.273  -13.267  -13.267  -13.259  -13.259
  -13.253  -13.253  -13.242  -13.242  -13.234  -13.234  -13.216  -13.216  -13.211  -13.211
   -4.415   -4.415   -4.406   -4.406    1.160    1.160    1.296    1.296    3.488    3.488
    4.028    4.028    4.598    4.598    5.102    5.102    5.947    5.947    6.794    6.794
   10.469   10.469   10.995   10.995   12.384   12.384   12.514   12.514   13.171   13.171
   14.283   14.283   14.354   14.354   15.138   15.138   17.068   17.068   17.714   17.714
   17.982   17.982   19.349   19.349   19.925   19.925   20.444   20.444   20.540   20.540
   20.696   20.696   21.411   21.411   21.674   21.674   21.719   21.719   22.065   22.065
            0.500000  0.416934  0.000000
  -39.331  -39.331  -39.331  -39.331  -39.329  -39.329  -39.329  -39.329  -39.301  -39.301
  -39.301  -39.301  -39.297  -39.297  -39.297  -39.297  -39.288  -39.288  -39.288  -39.288
  -13.300  -13.300  -13.295  -13.295  -13.273  -13.273  -13.267  -13.267  -13.259  -13.259
  -13.253  -13.253  -13.242  -13.242  -13.234  -13.234  -13.216  -13.216  -13.211  -13.211
   -4.412   -4.412   -4.404   -4.404    1.177    1.177    1.296    1.296    3.469    3.469
    3.999    3.999    4.598    4.598    5.061    5.061    5.956    5.956    6.776    6.776
   10.576   10.576   10.913   10.913   12.436   12.436   12.509   12.509   13.232   13.232
   14.346   14.346   14.409   14.409   15.151   15.151   17.110   17.110   17.586   17.586
   17.870   17.870   19.440   19.440   19.944   19.944   20.465   20.465   20.584   20.584
   20.681   20.681   21.452   21.452   21.525   21.525   21.843   21.843   22.145   22.145
            0.500000  0.438878  0.000000
  -39.331  -39.331  -39.331  -39.331  -39.329  -39.329  -39.329  -39.329  -39.301  -39.301
  -39.301  -39.301  -39.297  -39.297  -39.297  -39.297  -39.288  -39.288  -39.287  -39.287
  -13.300  -13.300  -13.295  -13.295  -13.273  -13.273  -13.267  -13.267  -13.259  -13.259
  -13.253  -13.253  -13.242  -13.242  -13.234  -13.234  -13.216  -13.216  -13.211  -13.211
   -4.410   -4.410   -4.403   -4.403    1.184    1.184    1.296    1.296    3.463    3.463
    3.989    3.989    4.599    4.599    5.046    5.046    5.959    5.959    6.770    6.770
   10.627   10.627   10.870   10.870   12.460   12.460   12.500   12.500   13.253   13.253
   14.369   14.369   14.428   14.428   15.155   15.155   17.135   17.135   17.531   17.531
   17.831   17.831   19.476   19.476   19.945   19.945   20.475   20.475   20.601   20.601
   20.675   20.675   21.450   21.450   21.474   21.474   21.903   21.903   22.178   22.178
            0.500000  0.438878  0.008844
  -39.331  -39.331  -39.331  -39.331  -39.329  -39.329  -39.329  -39.329  -39.301  -39.301
  -39.301  -39.301  -39.297  -39.297  -39.297  -39.297  -39.288  -39.288  -39.288  -39.288
  -13.300  -13.300  -13.295  -13.295  -13.273  -13.273  -13.268  -13.268  -13.259  -13.259
  -13.253  -13.253  -13.242  -13.242  -13.234  -13.234  -13.216  -13.216  -13.211  -13.211
   -4.410   -4.410   -4.404   -4.404    1.184    1.184    1.296    1.296    3.464    3.464
    3.990    3.990    4.596    4.596    5.044    5.044    5.962    5.962    6.770    6.770
   10.625   10.625   10.868   10.868   12.458   12.458   12.499   12.499   13.259   13.259
   14.370   14.370   14.428   14.428   15.158   15.158   17.130   17.130   17.531   17.531
   17.833   17.833   19.471   19.471   19.941   19.941   20.462   20.462   20.602   20.602
   20.676   20.676   21.452   21.452   21.486   21.486   21.907   21.907   22.169   22.169
            0.500000  0.438878  0.017687
  -39.331  -39.331  -39.331  -39.331  -39.329  -39.329  -39.329  -39.329  -39.301  -39.301
  -39.301  -39.301  -39.297  -39.297  -39.297  -39.297  -39.288  -39.288  -39.288  -39.288
  -13.300  -13.300  -13.295  -13.295  -13.273  -13.273  -13.268  -13.268  -13.259  -13.259
  -13.253  -13.253  -13.242  -13.242  -13.234  -13.234  -13.216  -13.216  -13.211  -13.211
   -4.410   -4.410   -4.404   -4.404    1.184    1.184    1.296    1.296    3.467    3.467
    3.992    3.992    4.588    4.588    5.038    5.038    5.973    5.973    6.772    6.772
   10.619   10.619   10.863   10.863   12.454   12.454   12.495   12.495   13.277   13.277
   14.372   14.372   14.429   14.429   15.166   15.166   17.117   17.117   17.530   17.530
   17.841   17.841   19.455   19.455   19.927   19.927   20.424   20.424   20.604   20.604
   20.677   20.677   21.457   21.457   21.520   21.520   21.919   21.919   22.149   22.149
            0.500000  0.438878  0.026531
  -39.331  -39.331  -39.331  -39.331  -39.329  -39.329  -39.329  -39.329  -39.301  -39.301
  -39.301  -39.301  -39.297  -39.297  -39.297  -39.297  -39.288  -39.288  -39.288  -39.288
  -13.300  -13.300  -13.295  -13.295  -13.273  -13.273  -13.268  -13.268  -13.259  -13.259
  -13.253  -13.253  -13.242  -13.242  -13.234  -13.234  -13.216  -13.216  -13.211  -13.211
   -4.410   -4.410   -4.404   -4.404    1.185    1.185    1.294    1.294    3.473    3.473
    3.996    3.996    4.576    4.576    5.028    5.028    5.989    5.989    6.775    6.775
   10.610   10.610   10.855   10.855   12.447   12.447   12.489   12.489   13.307   13.307
   14.377   14.377   14.430   14.430   15.179   15.179   17.095   17.095   17.529   17.529
   17.853   17.853   19.428   19.428   19.906   19.906   20.371   20.371   20.606   20.606
   20.679   20.679   21.464   21.464   21.568   21.568   21.939   21.939   22.124   22.124
            0.500000  0.438878  0.035375
  -39.331  -39.331  -39.331  -39.331  -39.329  -39.329  -39.329  -39.329  -39.301  -39.301
  -39.301  -39.301  -39.297  -39.297  -39.297  -39.297  -39.288  -39.288  -39.288  -39.288
  -13.300  -13.300  -13.295  -13.295  -13.273  -13.273  -13.268  -13.268  -13.259  -13.259
  -13.253  -13.253  -13.242  -13.242  -13.234  -13.234  -13.216  -13.216  -13.211  -13.211
   -4.410   -4.410   -4.404   -4.404    1.186    1.186    1.293    1.293    3.480    3.480
    4.001    4.001    4.559    4.559    5.014    5.014    6.012    6.012    6.779    6.779
   10.597   10.597   10.843   10.843   12.439   12.439   12.481   12.481   13.347   13.347
   14.383   14.383   14.430   14.430   15.197   15.197   17.067   17.067   17.527   17.527
   17.868   17.868   19.390   19.390   19.879   19.879   20.309   20.309   20.608   20.608
   20.681   20.681   21.471   21.471   21.620   21.620   21.967   21.967   22.106   22.106
            0.500000  0.438878  0.044218
  -39.331  -39.331  -39.331  -39.331  -39.329  -39.329  -39.329  -39.329  -39.301  -39.301
  -39.301  -39.301  -39.297  -39.297  -39.297  -39.297  -39.288  -39.288  -39.288  -39.288
  -13.300  -13.300  -13.295  -13.295  -13.273  -13.273  -13.268  -13.268  -13.258  -13.258
  -13.253  -13.253  -13.242  -13.242  -13.234  -13.234  -13.216  -13.216  -13.212  -13.212
   -4.410   -4.410   -4.404   -4.404    1.187    1.187    1.291    1.291    3.489    3.489
    4.007    4.007    4.539    4.539    4.997    4.997    6.040    6.040    6.783    6.783
   10.582   10.582   10.828   10.828   12.429   12.429   12.472   12.472   13.396   13.396
   14.391   14.391   14.431   14.431   15.218   15.218   17.033   17.033   17.525   17.525
   17.886   17.886   19.340   19.340   19.848   19.848   20.243   20.243   20.610   20.610
   20.683   20.683   21.477   21.477   21.667   21.667   22.005   22.005   22.100   22.100
            0.500000  0.438878  0.053062
  -39.331  -39.331  -39.331  -39.331  -39.329  -39.329  -39.329  -39.329  -39.301  -39.301
  -39.301  -39.301  -39.297  -39.297  -39.297  -39.297  -39.288  -39.288  -39.288  -39.288
  -13.300  -13.300  -13.295  -13.295  -13.273  -13.273  -13.268  -13.268  -13.258  -13.258
  -13.254  -13.254  -13.242  -13.242  -13.234  -13.234  -13.216  -13.216  -13.212  -13.212
   -4.410   -4.410   -4.404   -4.404    1.188    1.188    1.289    1.289    3.500    3.500
    4.014    4.014    4.517    4.517    4.976    4.976    6.072    6.072    6.788    6.788
   10.565   10.565   10.811   10.811   12.419   12.419   12.461   12.461   13.453   13.453
   14.401   14.401   14.431   14.431   15.242   15.242   16.997   16.997   17.521   17.521
   17.906   17.906   19.279   19.279   19.815   19.815   20.178   20.178   20.611   20.611
   20.685   20.685   21.482   21.482   21.699   21.699   22.050   22.050   22.115   22.115
            0.500000  0.438878  0.061905
  -39.331  -39.331  -39.331  -39.331  -39.329  -39.329  -39.329  -39.329  -39.301  -39.301
  -39.301  -39.301  -39.297  -39.297  -39.297  -39.297  -39.288  -39.288  -39.288  -39.288
  -13.300  -13.300  -13.296  -13.296  -13.273  -13.273  -13.268  -13.268  -13.258  -13.258
  -13.254  -13.254  -13.241  -13.241  -13.234  -13.234  -13.216  -13.216  -13.212  -13.212
   -4.410   -4.410   -4.404   -4.404    1.190    1.190    1.286    1.286    3.514    3.514
    4.021    4.021    4.493    4.493    4.952    4.952    6.109    6.109    6.792    6.792
   10.546   10.546   10.790   10.790   12.409   12.409   12.449   12.449   13.516   13.516
   14.413   14.413   14.430   14.430   15.268   15.268   16.959   16.959   17.517   17.517
   17.926   17.926   19.209   19.209   19.781   19.781   20.117   20.117   20.613   20.613
   20.687   20.687   21.483   21.483   21.711   21.711   22.101   22.101   22.152   22.152
            0.500000  0.438878  0.070749
  -39.331  -39.331  -39.331  -39.331  -39.329  -39.329  -39.329  -39.329  -39.301  -39.301
  -39.301  -39.301  -39.297  -39.297  -39.297  -39.297  -39.288  -39.288  -39.288  -39.288
  -13.300  -13.300  -13.296  -13.296  -13.272  -13.272  -13.268  -13.268  -13.258  -13.258
  -13.254  -13.254  -13.241  -13.241  -13.235  -13.235  -13.216  -13.216  -13.212  -13.212
   -4.410   -4.410   -4.404   -4.404    1.192    1.192    1.283    1.283    3.529    3.529
    4.027    4.027    4.469    4.469    4.926    4.926    6.148    6.148    6.796    6.796
   10.527   10.527   10.768   10.768   12.399   12.399   12.437   12.437   13.584   13.584
   14.428   14.428   14.428   14.428   15.293   15.293   16.922   16.922   17.510   17.510
   17.946   17.946   19.129   19.129   19.748   19.748   20.060   20.060   20.615   20.615
   20.688   20.688   21.483   21.483   21.708   21.708   22.157   22.157   22.208   22.208
            0.500000  0.438878  0.079593
  -39.331  -39.331  -39.331  -39.331  -39.329  -39.329  -39.329  -39.329  -39.301  -39.301
  -39.301  -39.301  -39.297  -39.297  -39.297  -39.297  -39.288  -39.288  -39.288  -39.288
  -13.299  -13.299  -13.296  -13.296  -13.272  -13.272  -13.268  -13.268  -13.258  -13.258
  -13.254  -13.254  -13.241  -13.241  -13.235  -13.235  -13.215  -13.215  -13.212  -13.212
   -4.409   -4.409   -4.404   -4.404    1.194    1.194    1.280    1.280    3.546    3.546
    4.032    4.032    4.446    4.446    4.898    4.898    6.190    6.190    6.798    6.798
   10.509   10.509   10.743   10.743   12.389   12.389   12.425   12.425   13.655   13.655
   14.424   14.424   14.445   14.445   15.316   15.316   16.889   16.889   17.502   17.502
   17.967   17.967   19.042   19.042   19.717   19.717   20.008   20.008   20.617   20.617
   20.689   20.689   21.482   21.482   21.694   21.694   22.217   22.217   22.275   22.275
            0.500000  0.438878  0.088436
  -39.331  -39.331  -39.331  -39.331  -39.329  -39.329  -39.329  -39.329  -39.301  -39.301
  -39.301  -39.301  -39.297  -39.297  -39.297  -39.297  -39.288  -39.288  -39.288  -39.288
  -13.299  -13.299  -13.296  -13.296  -13.272  -13.272  -13.269  -13.269  -13.258  -13.258
  -13.254  -13.254  -13.241  -13.241  -13.235  -13.235  -13.215  -13.215  -13.212  -13.212
   -4.409   -4.409   -4.404   -4.404    1.197    1.197    1.276    1.276    3.565    3.565
    4.035    4.035    4.426    4.426    4.867    4.867    6.234    6.234    6.799    6.799
   10.491   10.491   10.717   10.717   12.381   12.381   12.413   12.413   13.729   13.729
   14.419   14.419   14.466   14.466   15.334   15.334   16.861   16.861   17.492   17.492
   17.986   17.986   18.951   18.951   19.689   19.689   19.960   19.960   20.619   20.619
   20.689   20.689   21.480   21.480   21.675   21.675   22.280   22.280   22.348   22.348
            0.500000  0.438878  0.097280
  -39.331  -39.331  -39.331  -39.331  -39.329  -39.329  -39.329  -39.329  -39.301  -39.301
  -39.301  -39.301  -39.297  -39.297  -39.297  -39.297  -39.288  -39.288  -39.288  -39.288
  -13.299  -13.299  -13.296  -13.296  -13.272  -13.272  -13.269  -13.269  -13.258  -13.258
  -13.254  -13.254  -13.240  -13.240  -13.235  -13.235  -13.215  -13.215  -13.212  -13.212
   -4.409   -4.409   -4.405   -4.405    1.199    1.199    1.272    1.272    3.586    3.586
    4.034    4.034    4.410    4.410    4.835    4.835    6.278    6.278    6.797    6.797
   10.475   10.475   10.690   10.690   12.373   12.373   12.401   12.401   13.803   13.803
   14.413   14.413   14.491   14.491   15.345   15.345   16.842   16.842   17.478   17.478
   18.006   18.006   18.858   18.858   19.665   19.665   19.916   19.916   20.622   20.622
   20.688   20.688   21.477   21.477   21.653   21.653   22.343   22.343   22.423   22.423
            0.500000  0.438878  0.106124
  -39.331  -39.331  -39.331  -39.331  -39.329  -39.329  -39.329  -39.329  -39.301  -39.301
  -39.301  -39.301  -39.297  -39.297  -39.297  -39.297  -39.288  -39.288  -39.288  -39.288
  -13.299  -13.299  -13.296  -13.296  -13.272  -13.272  -13.269  -13.269  -13.258  -13.258
  -13.254  -13.254  -13.240  -13.240  -13.235  -13.235  -13.215  -13.215  -13.212  -13.212
   -4.409   -4.409   -4.405   -4.405    1.202    1.202    1.268    1.268    3.608    3.608
    4.029    4.029    4.400    4.400    4.802    4.802    6.324    6.324    6.794    6.794
   10.461   10.461   10.662   10.662   12.366   12.366   12.391   12.391   13.876   13.876
   14.405   14.405   14.521   14.521   15.346   15.346   16.832   16.832   17.461   17.461
   18.024   18.024   18.764   18.764   19.646   19.646   19.876   19.876   20.625   20.625
   20.687   20.687   21.475   21.475   21.631   21.631   22.407   22.407   22.498   22.498
            0.500000  0.438878  0.114967
  -39.331  -39.331  -39.331  -39.331  -39.329  -39.329  -39.329  -39.329  -39.301  -39.301
  -39.301  -39.301  -39.297  -39.297  -39.297  -39.297  -39.288  -39.288  -39.288  -39.288
  -13.299  -13.299  -13.296  -13.296  -13.272  -13.272  -13.269  -13.269  -13.257  -13.257
  -13.255  -13.255  -13.240  -13.240  -13.236  -13.236  -13.215  -13.215  -13.212  -13.212
   -4.409   -4.409   -4.405   -4.405    1.205    1.205    1.264    1.264    3.632    3.632
    4.018    4.018    4.397    4.397    4.767    4.767    6.369    6.369    6.787    6.787
   10.450   10.450   10.633   10.633   12.360   12.360   12.381   12.381   13.946   13.946
   14.396   14.396   14.557   14.557   15.337   15.337   16.834   16.834   17.440   17.440
   18.043   18.043   18.673   18.673   19.630   19.630   19.839   19.839   20.629   20.629
   20.685   20.685   21.473   21.473   21.610   21.610   22.471   22.471   22.571   22.571
            0.500000  0.438878  0.123811
  -39.331  -39.331  -39.331  -39.331  -39.329  -39.329  -39.329  -39.329  -39.301  -39.301
  -39.301  -39.301  -39.297  -39.297  -39.297  -39.297  -39.288  -39.288  -39.288  -39.288
  -13.299  -13.299  -13.297  -13.297  -13.272  -13.272  -13.269  -13.269  -13.257  -13.257
  -13.255  -13.255  -13.240  -13.240  -13.236  -13.236  -13.215  -13.215  -13.212  -13.212
   -4.408   -4.408   -4.405   -4.405    1.209    1.209    1.260    1.260    3.658    3.658
    4.002    4.002    4.400    4.400    4.732    4.732    6.414    6.414    6.777    6.777
   10.441   10.441   10.605   10.605   12.354   12.354   12.372   12.372   14.011   14.011
   14.384   14.384   14.599   14.599   15.315   15.315   16.849   16.849   17.413   17.413
   18.062   18.062   18.585   18.585   19.620   19.620   19.804   19.804   20.633   20.633
   20.683   20.683   21.472   21.472   21.589   21.589   22.534   22.534   22.642   22.642
            0.500000  0.438878  0.132655
  -39.331  -39.331  -39.331  -39.331  -39.329  -39.329  -39.329  -39.329  -39.301  -39.301
  -39.301  -39.301  -39.297  -39.297  -39.297  -39.297  -39.288  -39.288  -39.288  -39.288
  -13.299  -13.299  -13.297  -13.297  -13.271  -13.271  -13.269  -13.269  -13.257  -13.257
  -13.255  -13.255  -13.239  -13.239  -13.236  -13.236  -13.214  -13.214  -13.213  -13.213
   -4.408   -4.408   -4.406   -4.406    1.212    1.212    1.255    1.255    3.685    3.685
    3.980    3.980    4.411    4.411    4.697    4.697    6.458    6.458    6.764    6.764
   10.437   10.437   10.578   10.578   12.350   12.350   12.365   12.365   14.071   14.071
   14.371   14.371   14.649   14.649   15.281   15.281   16.876   16.876   17.380   17.380
   18.081   18.081   18.504   18.504   19.614   19.614   19.772   19.772   20.637   20.637
   20.680   20.680   21.472   21.472   21.570   21.570   22.596   22.596   22.707   22.707
            0.500000  0.438878  0.141498
  -39.331  -39.331  -39.331  -39.331  -39.329  -39.329  -39.329  -39.329  -39.301  -39.301
  -39.301  -39.301  -39.297  -39.297  -39.297  -39.297  -39.288  -39.288  -39.288  -39.288
  -13.298  -13.298  -13.297  -13.297  -13.271  -13.271  -13.270  -13.270  -13.257  -13.257
  -13.255  -13.255  -13.239  -13.239  -13.236  -13.236  -13.214  -13.214  -13.213  -13.213
   -4.408   -4.408   -4.406   -4.406    1.216    1.216    1.251    1.251    3.713    3.713
    3.955    3.955    4.427    4.427    4.662    4.662    6.500    6.500    6.748    6.748
   10.436   10.436   10.552   10.552   12.347   12.347   12.358   12.358   14.124   14.124
   14.356   14.356   14.705   14.705   15.236   15.236   16.914   16.914   17.341   17.341
   18.102   18.102   18.430   18.430   19.613   19.613   19.742   19.742   20.641   20.641
   20.677   20.677   21.474   21.474   21.552   21.552   22.656   22.656   22.765   22.765
            0.500000  0.438878  0.150342
  -39.331  -39.331  -39.331  -39.331  -39.329  -39.329  -39.329  -39.329  -39.301  -39.301
  -39.301  -39.301  -39.297  -39.297  -39.297  -39.297  -39.288  -39.288  -39.288  -39.288
  -13.298  -13.298  -13.297  -13.297  -13.271  -13.271  -13.270  -13.270  -13.257  -13.257
  -13.255  -13.255  -13.239  -13.239  -13.237  -13.237  -13.214  -13.214  -13.213  -13.213
   -4.408   -4.408   -4.406   -4.406    1.220    1.220    1.246    1.246    3.742    3.742
    3.927    3.927    4.447    4.447    4.628    4.628    6.541    6.541    6.728    6.728
   10.438   10.438   10.527   10.527   12.345   12.345   12.353   12.353   14.170   14.170
   14.340   14.340   14.768   14.768   15.181   15.181   16.961   16.961   17.296   17.296
   18.124   18.124   18.364   18.364   19.616   19.616   19.715   19.715   20.646   20.646
   20.673   20.673   21.478   21.478   21.536   21.536   22.713   22.713   22.813   22.813
            0.500000  0.438878  0.159186
  -39.331  -39.331  -39.331  -39.331  -39.329  -39.329  -39.329  -39.329  -39.301  -39.301
  -39.301  -39.301  -39.297  -39.297  -39.297  -39.297  -39.288  -39.288  -39.288  -39.288
  -13.298  -13.298  -13.297  -13.297  -13.271  -13.271  -13.270  -13.270  -13.256  -13.256
  -13.256  -13.256  -13.238  -13.238  -13.237  -13.237  -13.214  -13.214  -13.213  -13.213
   -4.407   -4.407   -4.406   -4.406    1.224    1.224    1.242    1.242    3.772    3.772
    3.897    3.897    4.472    4.472    4.594    4.594    6.579    6.579    6.705    6.705
   10.445   10.445   10.505   10.505   12.343   12.343   12.349   12.349   14.210   14.210
   14.320   14.320   14.836   14.836   15.119   15.119   17.014   17.014   17.245   17.245
   18.150   18.150   18.306   18.306   19.624   19.624   19.691   19.691   20.651   20.651
   20.669   20.669   21.483   21.483   21.521   21.521   22.765   22.765   22.844   22.844
            0.500000  0.438878  0.168029
  -39.331  -39.331  -39.331  -39.331  -39.329  -39.329  -39.329  -39.329  -39.301  -39.301
  -39.301  -39.301  -39.297  -39.297  -39.297  -39.297  -39.288  -39.288  -39.288  -39.288
  -13.298  -13.298  -13.297  -13.297  -13.271  -13.271  -13.270  -13.270  -13.256  -13.256
  -13.256  -13.256  -13.238  -13.238  -13.237  -13.237  -13.214  -13.214  -13.213  -13.213
   -4.407   -4.407   -4.407   -4.407    1.228    1.228    1.237    1.237    3.803    3.803
    3.866    3.866    4.499    4.499    4.561    4.561    6.615    6.615    6.678    6.678
   10.455   10.455   10.485   10.485   12.343   12.343   12.346   12.346   14.244   14.244
   14.298   14.298   14.908   14.908   15.051   15.051   17.072   17.072   17.190   17.190
   18.180   18.180   18.257   18.257   19.635   19.635   19.669   19.669   20.656   20.656
   20.665   20.665   21.490   21.490   21.509   21.509   22.809   22.809   22.854   22.854
            0.500000  0.438878  0.176873
  -39.331  -39.331  -39.331  -39.331  -39.329  -39.329  -39.329  -39.329  -39.301  -39.301
  -39.301  -39.301  -39.297  -39.297  -39.297  -39.297  -39.288  -39.288  -39.288  -39.288
  -13.298  -13.298  -13.298  -13.298  -13.271  -13.271  -13.271  -13.271  -13.256  -13.256
  -13.256  -13.256  -13.238  -13.238  -13.238  -13.238  -13.213  -13.213  -13.213  -13.213
   -4.407   -4.407   -4.407   -4.407    1.233    1.233    1.233    1.233    3.835    3.835
    3.835    3.835    4.529    4.529    4.529    4.529    6.648    6.648    6.648    6.648
   10.468   10.468   10.468   10.468   12.344   12.344   12.344   12.344   14.273   14.273
   14.273   14.273   14.980   14.980   14.980   14.980   17.131   17.131   17.131   17.131
   18.215   18.215   18.215   18.215   19.651   19.651   19.651   19.651   20.660   20.660
   20.660   20.660   21.498   21.498   21.498   21.498   22.841   22.841   22.841   22.841
            0.475000  0.416934  0.176873
  -39.331  -39.331  -39.331  -39.331  -39.329  -39.329  -39.329  -39.329  -39.301  -39.301
  -39.301  -39.301  -39.297  -39.297  -39.297  -39.297  -39.288  -39.288  -39.288  -39.288
  -13.298  -13.298  -13.297  -13.297  -13.271  -13.271  -13.270  -13.270  -13.256  -13.256
  -13.256  -13.256  -13.238  -13.238  -13.237  -13.237  -13.214  -13.214  -13.213  -13.213
   -4.423   -4.423   -4.399   -4.399    1.181    1.181    1.278    1.278    3.793    3.793
    3.874    3.874    4.514    4.514    4.612    4.612    6.621    6.621    6.669    6.669
   10.425   10.425   10.531   10.531   12.281   12.281   12.345   12.345   14.196   14.196
   14.264   14.264   14.958   14.958   15.006   15.006   17.083   17.083   17.173   17.173
   18.230   18.230   18.295   18.295   19.556   19.556   19.688   19.688   20.483   20.483
   20.631   20.631   21.623   21.623   21.710   21.710   22.530   22.530   22.908   22.908
            0.450000  0.394990  0.176873
  -39.331  -39.331  -39.331  -39.331  -39.329  -39.329  -39.329  -39.329  -39.301  -39.301
  -39.301  -39.301  -39.297  -39.297  -39.297  -39.297  -39.288  -39.288  -39.288  -39.288
  -13.298  -13.298  -13.297  -13.297  -13.271  -13.271  -13.270  -13.270  -13.257  -13.257
  -13.255  -13.255  -13.239  -13.239  -13.237  -13.237  -13.215  -13.215  -13.213  -13.213
   -4.450   -4.450   -4.394   -4.394    1.125    1.125    1.318    1.318    3.740    3.740
    3.936    3.936    4.545    4.545    4.763    4.763    6.574    6.574    6.699    6.699
   10.398   10.398   10.609   10.609   12.125   12.125   12.333   12.333   13.991   13.991
   14.228   14.228   14.944   14.944   15.027   15.027   17.021   17.021   17.237   17.237
   18.276   18.276   18.483   18.483   19.367   19.367   19.627   19.627   20.288   20.288
   20.631   20.631   21.820   21.820   22.022   22.022   22.282   22.282   22.882   22.882
            0.425000  0.373046  0.176873
  -39.331  -39.331  -39.331  -39.331  -39.330  -39.330  -39.329  -39.329  -39.301  -39.301
  -39.301  -39.301  -39.297  -39.297  -39.297  -39.297  -39.288  -39.288  -39.288  -39.288
  -13.297  -13.297  -13.296  -13.296  -13.272  -13.272  -13.270  -13.270  -13.257  -13.257
  -13.255  -13.255  -13.240  -13.240  -13.236  -13.236  -13.215  -13.215  -13.213  -13.213
   -4.490   -4.490   -4.390   -4.390    1.067    1.067    1.352    1.352    3.693    3.693
    4.027    4.027    4.612    4.612    4.960    4.960    6.509    6.509    6.744    6.744
   10.384   10.384   10.693   10.693   11.898   11.898   12.314   12.314   13.691   13.691
   14.167   14.167   14.928   14.928   15.048   15.048   16.964   16.964   17.322   17.322
   18.305   18.305   18.681   18.681   19.114   19.114   19.434   19.434   20.302   20.302
   20.704   20.704   21.681   21.681   22.216   22.216   22.407   22.407   22.742   22.742
            0.400000  0.351103  0.176873
  -39.331  -39.331  -39.331  -39.331  -39.330  -39.330  -39.329  -39.329  -39.301  -39.301
  -39.301  -39.301  -39.297  -39.297  -39.297  -39.297  -39.288  -39.288  -39.288  -39.288
  -13.297  -13.297  -13.295  -13.295  -13.273  -13.273  -13.270  -13.270  -13.258  -13.258
  -13.254  -13.254  -13.240  -13.240  -13.235  -13.235  -13.216  -13.216  -13.212  -13.212
   -4.542   -4.542   -4.387   -4.387    1.009    1.009    1.385    1.385    3.666    3.666
    4.137    4.137    4.711    4.711    5.179    5.179    6.437    6.437    6.808    6.808
   10.372   10.372   10.768   10.768   11.635   11.635   12.294   12.294   13.338   13.338
   14.082   14.082   14.899   14.899   15.087   15.087   16.916   16.916   17.392   17.392
   18.236   18.236   18.668   18.668   19.048   19.048   19.258   19.258   20.413   20.413
   20.760   20.760   21.569   21.569   22.151   22.151   22.511   22.511   22.620   22.620
            0.375000  0.329159  0.176873
  -39.331  -39.331  -39.331  -39.331  -39.329  -39.329  -39.329  -39.329  -39.301  -39.301
  -39.301  -39.301  -39.297  -39.297  -39.297  -39.297  -39.288  -39.288  -39.288  -39.288
  -13.296  -13.296  -13.293  -13.293  -13.274  -13.274  -13.271  -13.271  -13.258  -13.258
  -13.254  -13.254  -13.241  -13.241  -13.235  -13.235  -13.217  -13.217  -13.212  -13.212
   -4.606   -4.606   -4.384   -4.384    0.953    0.953    1.421    1.421    3.665    3.665
    4.256    4.256    4.840    4.840    5.401    5.401    6.372    6.372    6.892    6.892
   10.344   10.344   10.815   10.815   11.378   11.378   12.279   12.279   12.964   12.964
   13.975   13.975   14.862   14.862   15.153   15.153   16.867   16.867   17.368   17.368
   18.049   18.049   18.481   18.481   19.102   19.102   19.267   19.267   20.382   20.382
   20.886   20.886   21.543   21.543   22.112   22.112   22.401   22.401   22.553   22.553
            0.350000  0.307215  0.176873
  -39.331  -39.331  -39.331  -39.331  -39.329  -39.329  -39.329  -39.329  -39.301  -39.301
  -39.301  -39.301  -39.297  -39.297  -39.297  -39.297  -39.288  -39.288  -39.288  -39.288
  -13.295  -13.295  -13.292  -13.292  -13.275  -13.275  -13.271  -13.271  -13.259  -13.259
  -13.254  -13.254  -13.242  -13.242  -13.234  -13.234  -13.217  -13.217  -13.212  -13.212
   -4.678   -4.678   -4.380   -4.380    0.901    0.901    1.464    1.464    3.689    3.689
    4.375    4.375    4.982    4.982    5.611    5.611    6.335    6.335    6.998    6.998
   10.277   10.277   10.821   10.821   11.163   11.163   12.275   12.275   12.603   12.603
   13.847   13.847   14.829   14.829   15.251   15.251   16.796   16.796   17.171   17.171
   17.869   17.869   18.273   18.273   19.195   19.195   19.367   19.367   20.193   20.193
   21.028   21.028   21.551   21.551   22.118   22.118   22.399   22.399   22.489   22.489
            0.325000  0.285271  0.176873
  -39.331  -39.331  -39.331  -39.331  -39.330  -39.330  -39.329  -39.329  -39.301  -39.301
  -39.301  -39.301  -39.297  -39.297  -39.297  -39.297  -39.288  -39.288  -39.288  -39.288
  -13.294  -13.294  -13.290  -13.290  -13.276  -13.276  -13.272  -13.272  -13.259  -13.259
  -13.254  -13.254  -13.243  -13.243  -13.233  -13.233  -13.218  -13.218  -13.212  -13.212
   -4.756   -4.756   -4.377   -4.377    0.857    0.857    1.519    1.519    3.736    3.736
    4.489    4.489    5.109    5.109    5.808    5.808    6.343    6.343    7.118    7.118
   10.159   10.159   10.788   10.788   11.003   11.003   12.263   12.263   12.303   12.303
   13.700   13.700   14.803   14.803   15.384   15.384   16.666   16.666   16.892   16.892
   17.662   17.662   18.122   18.122   19.306   19.306   19.496   19.496   19.961   19.961
   21.007   21.007   21.664   21.664   22.069   22.069   22.350   22.350   22.600   22.600
            0.300000  0.263327  0.176873
  -39.331  -39.331  -39.331  -39.331  -39.329  -39.329  -39.329  -39.329  -39.301  -39.301
  -39.301  -39.301  -39.297  -39.297  -39.297  -39.297  -39.288  -39.288  -39.288  -39.288
  -13.293  -13.293  -13.289  -13.289  -13.277  -13.277  -13.273  -13.273  -13.259  -13.259
  -13.253  -13.253  -13.243  -13.243  -13.232  -13.232  -13.219  -13.219  -13.213  -13.213
   -4.838   -4.838   -4.375   -4.375    0.822    0.822    1.588    1.588    3.803    3.803
    4.593    4.593    5.190    5.190    6.007    6.007    6.395    6.395    7.238    7.238
   10.026   10.026   10.676   10.676   10.924   10.924   12.023   12.023   12.304   12.304
   13.537   13.537   14.778   14.778   15.557   15.557   16.419   16.419   16.671   16.671
   17.414   17.414   18.028   18.028   19.323   19.323   19.611   19.611   19.829   19.829
   20.903   20.903   21.716   21.716   22.014   22.014   22.291   22.291   22.767   22.767
            0.275000  0.241383  0.176873
  -39.331  -39.331  -39.331  -39.331  -39.330  -39.330  -39.329  -39.329  -39.301  -39.301
  -39.301  -39.301  -39.297  -39.297  -39.297  -39.297  -39.288  -39.288  -39.288  -39.288
  -13.292  -13.292  -13.288  -13.288  -13.278  -13.278  -13.274  -13.274  -13.259  -13.259
  -13.253  -13.253  -13.244  -13.244  -13.232  -13.232  -13.219  -13.219  -13.213  -13.213
   -4.922   -4.922   -4.374   -4.374    0.799    0.799    1.671    1.671    3.884    3.884
    4.678    4.678    5.233    5.233    6.203    6.203    6.479    6.479    7.336    7.336
    9.931    9.931   10.485   10.485   10.919   10.919   11.833   11.833   12.325   12.325
   13.363   13.363   14.744   14.744   15.758   15.758   16.130   16.130   16.482   16.482
   17.187   17.187   17.947   17.947   19.214   19.214   19.494   19.494   20.043   20.043
   20.726   20.726   21.665   21.665   22.026   22.026   22.281   22.281   22.837   22.837
            0.250000  0.219439  0.176873
  -39.331  -39.331  -39.331  -39.331  -39.329  -39.329  -39.329  -39.329  -39.301  -39.301
  -39.301  -39.301  -39.297  -39.297  -39.297  -39.297  -39.288  -39.288  -39.288  -39.288
  -13.291  -13.291  -13.286  -13.286  -13.279  -13.279  -13.275  -13.275  -13.259  -13.259
  -13.254  -13.254  -13.245  -13.245  -13.231  -13.231  -13.220  -13.220  -13.213  -13.213
   -5.005   -5.005   -4.374   -4.374    0.790    0.790    1.770    1.770    3.975    3.975
    4.730    4.730    5.274    5.274    6.337    6.337    6.606    6.606    7.397    7.397
    9.879    9.879   10.321   10.321   10.938   10.938   11.696   11.696   12.343   12.343
   13.188   13.188   14.687   14.687   15.781   15.781   16.014   16.014   16.340   16.340
   17.013   17.013   17.855   17.855   19.016   19.016   19.409   19.409   20.285   20.285
   20.471   20.471   21.610   21.610   22.076   22.076   22.309   22.309   22.830   22.830
            0.225000  0.197495  0.176873
  -39.331  -39.331  -39.331  -39.331  -39.330  -39.330  -39.329  -39.329  -39.301  -39.301
  -39.301  -39.301  -39.297  -39.297  -39.297  -39.297  -39.288  -39.288  -39.288  -39.288
  -13.291  -13.291  -13.285  -13.285  -13.279  -13.279  -13.276  -13.276  -13.258  -13.258
  -13.254  -13.254  -13.245  -13.245  -13.230  -13.230  -13.220  -13.220  -13.213  -13.213
   -5.085   -5.085   -4.375   -4.375    0.795    0.795    1.883    1.883    4.066    4.066
    4.744    4.744    5.344    5.344    6.362    6.362    6.756    6.756    7.437    7.437
    9.805    9.805   10.310   10.310   10.964   10.964   11.598   11.598   12.352   12.352
   13.027   13.027   14.604   14.604   15.532   15.532   15.956   15.956   16.457   16.457
   16.908   16.908   17.742   17.742   18.807   18.807   19.353   19.353   20.138   20.138
   20.503   20.503   21.560   21.560   22.103   22.103   22.302   22.302   22.856   22.856
            0.200000  0.175551  0.176873
  -39.331  -39.331  -39.331  -39.331  -39.330  -39.330  -39.329  -39.329  -39.301  -39.301
  -39.301  -39.301  -39.297  -39.297  -39.297  -39.297  -39.288  -39.288  -39.288  -39.288
  -13.291  -13.291  -13.285  -13.285  -13.279  -13.279  -13.276  -13.276  -13.258  -13.258
  -13.255  -13.255  -13.246  -13.246  -13.229  -13.229  -13.221  -13.221  -13.214  -13.214
   -5.161   -5.161   -4.377   -4.377    0.814    0.814    2.010    2.010    4.144    4.144
    4.739    4.739    5.443    5.443    6.302    6.302    6.856    6.856    7.479    7.479
    9.729    9.729   10.439   10.439   10.996   10.996   11.532   11.532   12.342   12.342
   12.908   12.908   14.501   14.501   15.278   15.278   15.816   15.816   16.599   16.599
   16.972   16.972   17.616   17.616   18.601   18.601   19.314   19.314   19.850   19.850
   20.570   20.570   21.489   21.489   21.973   21.973   22.193   22.193   22.787   22.787
            0.175000  0.153607  0.176873
  -39.331  -39.331  -39.331  -39.331  -39.330  -39.330  -39.330  -39.330  -39.301  -39.301
  -39.300  -39.300  -39.297  -39.297  -39.297  -39.297  -39.288  -39.288  -39.288  -39.288
  -13.292  -13.292  -13.284  -13.284  -13.279  -13.279  -13.277  -13.277  -13.258  -13.258
  -13.255  -13.255  -13.246  -13.246  -13.228  -13.228  -13.221  -13.221  -13.214  -13.214
   -5.231   -5.231   -4.380   -4.380    0.846    0.846    2.146    2.146    4.192    4.192
    4.748    4.748    5.557    5.557    6.182    6.182    6.880    6.880    7.514    7.514
    9.742    9.742   10.586   10.586   11.036   11.036   11.511   11.511   12.324   12.324
   12.844   12.844   14.390   14.390   15.045   15.045   15.699   15.699   16.567   16.567
   17.212   17.212   17.532   17.532   18.384   18.384   19.276   19.276   19.620   19.620
   20.470   20.470   21.387   21.387   21.662   21.662   22.019   22.019   22.622   22.622
            0.150000  0.131663  0.176873
  -39.331  -39.331  -39.331  -39.331  -39.330  -39.330  -39.330  -39.330  -39.301  -39.301
  -39.300  -39.300  -39.297  -39.297  -39.297  -39.297  -39.288  -39.288  -39.288  -39.288
  -13.293  -13.293  -13.283  -13.283  -13.279  -13.279  -13.277  -13.277  -13.257  -13.257
  -13.256  -13.256  -13.247  -13.247  -13.227  -13.227  -13.221  -13.221  -13.214  -13.214
   -5.294   -5.294   -4.383   -4.383    0.889    0.889    2.290    2.290    4.197    4.197
    4.790    4.790    5.662    5.662    6.042    6.042    6.834    6.834    7.527    7.527
    9.862    9.862   10.682   10.682   11.046   11.046   11.555   11.555   12.352   12.352
   12.824   12.824   14.281   14.281   14.855   14.855   15.615   15.615   16.487   16.487
   17.235   17.235   17.696   17.696   18.163   18.163   19.220   19.220   19.432   19.432
   20.272   20.272   21.173   21.173   21.354   21.354   21.922   21.922   22.403   22.403
            0.125000  0.109720  0.176873
  -39.331  -39.331  -39.331  -39.331  -39.330  -39.330  -39.330  -39.330  -39.301  -39.301
  -39.300  -39.300  -39.297  -39.297  -39.297  -39.297  -39.288  -39.288  -39.288  -39.288
  -13.294  -13.294  -13.282  -13.282  -13.280  -13.280  -13.276  -13.276  -13.258  -13.258
  -13.256  -13.256  -13.247  -13.247  -13.227  -13.227  -13.221  -13.221  -13.215  -13.215
   -5.349   -5.349   -4.387   -4.387    0.940    0.940    2.436    2.436    4.166    4.166
    4.863    4.863    5.691    5.691    5.965    5.965    6.729    6.729    7.529    7.529
   10.045   10.045   10.736   10.736   11.012   11.012   11.616   11.616   12.494   12.494
   12.816   12.816   14.179   14.179   14.731   14.731   15.569   15.569   16.390   16.390
   17.101   17.101   17.851   17.851   18.057   18.057   19.117   19.117   19.233   19.233
   20.164   20.164   20.737   20.737   21.270   21.270   21.901   21.901   22.151   22.151
            0.100000  0.087776  0.176873
  -39.331  -39.331  -39.331  -39.331  -39.330  -39.330  -39.330  -39.330  -39.301  -39.301
  -39.300  -39.300  -39.297  -39.297  -39.297  -39.297  -39.288  -39.288  -39.288  -39.288
  -13.295  -13.295  -13.282  -13.282  -13.280  -13.280  -13.276  -13.276  -13.258  -13.258
  -13.256  -13.256  -13.247  -13.247  -13.227  -13.227  -13.221  -13.221  -13.215  -13.215
   -5.395   -5.395   -4.391   -4.391    0.993    0.993    2.579    2.579    4.116    4.116
    4.947    4.947    5.594    5.594    6.013    6.013    6.591    6.591    7.532    7.532
   10.211   10.211   10.736   10.736   11.038   11.038   11.641   11.641   12.726   12.726
   12.809   12.809   14.087   14.087   14.690   14.690   15.568   15.568   16.278   16.278
   16.920   16.920   17.710   17.710   18.161   18.161   18.836   18.836   19.173   19.173
   20.161   20.161   20.425   20.425   21.227   21.227   21.854   21.854   21.973   21.973
            0.075000  0.065832  0.176873
  -39.331  -39.331  -39.331  -39.331  -39.330  -39.330  -39.330  -39.330  -39.301  -39.301
  -39.300  -39.300  -39.297  -39.297  -39.297  -39.297  -39.288  -39.288  -39.288  -39.288
  -13.295  -13.295  -13.282  -13.282  -13.280  -13.280  -13.275  -13.275  -13.258  -13.258
  -13.255  -13.255  -13.247  -13.247  -13.226  -13.226  -13.221  -13.221  -13.215  -13.215
   -5.431   -5.431   -4.394   -4.394    1.044    1.044    2.708    2.708    4.062    4.062
    5.027    5.027    5.471    5.471    6.085    6.085    6.454    6.454    7.537    7.537
   10.310   10.310   10.660   10.660   11.206   11.206   11.644   11.644   12.752   12.752
   13.007   13.007   14.012   14.012   14.737   14.737   15.616   15.616   16.158   16.158
   16.712   16.712   17.539   17.539   18.125   18.125   18.644   18.644   19.001   19.001
   20.143   20.143   20.488   20.488   21.202   21.202   21.646   21.646   22.023   22.023
            0.050000  0.043888  0.176873
  -39.331  -39.331  -39.331  -39.331  -39.330  -39.330  -39.330  -39.330  -39.301  -39.301
  -39.300  -39.300  -39.297  -39.297  -39.297  -39.297  -39.288  -39.288  -39.288  -39.288
  -13.296  -13.296  -13.283  -13.283  -13.280  -13.280  -13.275  -13.275  -13.259  -13.259
  -13.255  -13.255  -13.247  -13.247  -13.226  -13.226  -13.220  -13.220  -13.215  -13.215
   -5.457   -5.457   -4.397   -4.397    1.086    1.086    2.814    2.814    4.015    4.015
    5.092    5.092    5.371    5.371    6.121    6.121    6.364    6.364    7.542    7.542
   10.354   10.354   10.569   10.569   11.424   11.424   11.643   11.643   12.700   12.700
   13.215   13.215   13.959   13.959   14.855   14.855   15.710   15.710   16.041   16.041
   16.506   16.506   17.347   17.347   18.010   18.010   18.550   18.550   18.741   18.741
   20.213   20.213   20.729   20.729   21.186   21.186   21.487   21.487   22.103   22.103
            0.025000  0.021944  0.176873
  -39.331  -39.331  -39.331  -39.331  -39.330  -39.330  -39.330  -39.330  -39.301  -39.301
  -39.300  -39.300  -39.297  -39.297  -39.297  -39.297  -39.288  -39.288  -39.288  -39.288
  -13.296  -13.296  -13.283  -13.283  -13.279  -13.279  -13.274  -13.274  -13.259  -13.259
  -13.255  -13.255  -13.247  -13.247  -13.226  -13.226  -13.220  -13.220  -13.215  -13.215
   -5.473   -5.473   -4.398   -4.398    1.114    1.114    2.885    2.885    3.982    3.982
    5.134    5.134    5.308    5.308    6.106    6.106    6.342    6.342    7.545    7.545
   10.377   10.377   10.500   10.500   11.585   11.585   11.661   11.661   12.649   12.649
   13.341   13.341   13.930   13.930   14.991   14.991   15.814   15.814   15.961   15.961
   16.327   16.327   17.183   17.183   17.925   17.925   18.383   18.383   18.647   18.647
   20.291   20.291   20.951   20.951   21.165   21.165   21.462   21.462   22.067   22.067
            0.000000  0.000000  0.176873
  -39.331  -39.331  -39.331  -39.331  -39.330  -39.330  -39.330  -39.330  -39.301  -39.301
  -39.300  -39.300  -39.297  -39.297  -39.297  -39.297  -39.288  -39.288  -39.288  -39.288
  -13.297  -13.297  -13.283  -13.283  -13.279  -13.279  -13.274  -13.274  -13.259  -13.259
  -13.255  -13.255  -13.248  -13.248  -13.226  -13.226  -13.220  -13.220  -13.215  -13.215
   -5.479   -5.479   -4.399   -4.399    1.124    1.124    2.910    2.910    3.971    3.971
    5.149    5.149    5.286    5.286    6.091    6.091    6.344    6.344    7.546    7.546
   10.387   10.387   10.472   10.472   11.613   11.613   11.703   11.703   12.626   12.626
   13.382   13.382   13.921   13.921   15.055   15.055   15.845   15.845   15.967   15.967
   16.234   16.234   17.118   17.118   17.892   17.892   18.301   18.301   18.637   18.637
   20.321   20.321   21.023   21.023   21.148   21.148   21.524   21.524   21.984   21.984
            0.000000  0.000000  0.168029
  -39.331  -39.331  -39.331  -39.331  -39.330  -39.330  -39.330  -39.330  -39.301  -39.301
  -39.300  -39.300  -39.297  -39.297  -39.297  -39.297  -39.288  -39.288  -39.288  -39.288
  -13.297  -13.296  -13.283  -13.283  -13.280  -13.279  -13.274  -13.274  -13.259  -13.259
  -13.255  -13.255  -13.248  -13.247  -13.226  -13.226  -13.220  -13.220  -13.216  -13.215
   -5.488   -5.469   -4.413   -4.385    1.096    1.154    2.893    2.925    3.925    4.017
    5.135    5.163    5.276    5.292    6.074    6.115    6.325    6.363    7.527    7.564
   10.336   10.411   10.466   10.498   11.570   11.652   11.676   11.732   12.612   12.647
   13.345   13.419   13.892   13.952   15.027   15.082   15.800   15.890   15.905   16.033
   16.215   16.254   17.095   17.141   17.870   17.904   18.285   18.322   18.627   18.648
   20.191   20.436   20.924   21.105   21.123   21.166   21.531   21.532   21.936   22.068
            0.000000  0.000000  0.159186
  -39.331  -39.331  -39.331  -39.331  -39.330  -39.330  -39.330  -39.330  -39.301  -39.301
  -39.300  -39.300  -39.297  -39.297  -39.297  -39.297  -39.288  -39.288  -39.288  -39.288
  -13.297  -13.296  -13.283  -13.283  -13.280  -13.279  -13.275  -13.274  -13.259  -13.259
  -13.255  -13.254  -13.248  -13.247  -13.226  -13.226  -13.220  -13.220  -13.216  -13.215
   -5.498   -5.458   -4.427   -4.372    1.069    1.185    2.876    2.939    3.880    4.063
    5.122    5.178    5.261    5.293    6.064    6.147    6.305    6.382    7.508    7.582
   10.271   10.417   10.471   10.538   11.524   11.650   11.685   11.762   12.609   12.674
   13.306   13.454   13.865   13.985   15.000   15.109   15.757   15.849   15.935   16.101
   16.199   16.276   17.070   17.161   17.840   17.905   18.274   18.346   18.616   18.664
   20.051   20.521   20.826   21.061   21.157   21.225   21.539   21.554   21.937   22.176
            0.000000  0.000000  0.150342
  -39.331  -39.331  -39.331  -39.331  -39.330  -39.330  -39.330  -39.330  -39.301  -39.301
  -39.300  -39.300  -39.297  -39.297  -39.297  -39.297  -39.288  -39.288  -39.288  -39.288
  -13.298  -13.296  -13.283  -13.282  -13.280  -13.279  -13.275  -13.274  -13.259  -13.259
  -13.255  -13.254  -13.248  -13.247  -13.227  -13.226  -13.220  -13.220  -13.216  -13.215
   -5.507   -5.448   -4.441   -4.359    1.043    1.216    2.858    2.953    3.835    4.108
    5.109    5.193    5.242    5.290    6.060    6.186    6.285    6.400    7.488    7.599
   10.197   10.417   10.480   10.578   11.479   11.625   11.710   11.793   12.618   12.705
   13.267   13.487   13.843   14.019   14.974   15.135   15.714   15.801   15.981   16.160
   16.198   16.298   17.046   17.179   17.805   17.894   18.269   18.374   18.600   18.687
   19.906   20.553   20.731   21.052   21.127   21.328   21.537   21.581   21.992   22.126
            0.000000  0.000000  0.141498
  -39.331  -39.331  -39.331  -39.331  -39.330  -39.330  -39.330  -39.330  -39.301  -39.301
  -39.300  -39.300  -39.297  -39.297  -39.297  -39.297  -39.288  -39.288  -39.288  -39.288
  -13.298  -13.295  -13.284  -13.282  -13.280  -13.279  -13.275  -13.274  -13.259  -13.259
  -13.256  -13.254  -13.248  -13.247  -13.227  -13.226  -13.220  -13.220  -13.216  -13.214
   -5.516   -5.438   -4.455   -4.346    1.018    1.249    2.838    2.966    3.792    4.154
    5.097    5.208    5.221    5.281    6.061    6.231    6.264    6.417    7.469    7.616
   10.117   10.417   10.492   10.615   11.434   11.602   11.724   11.825   12.641   12.737
   13.226   13.520   13.824   14.053   14.949   15.158   15.673   15.762   16.027   16.160
   16.258   16.321   17.021   17.194   17.766   17.872   18.271   18.404   18.579   18.718
   19.758   20.519   20.637   21.086   21.092   21.432   21.530   21.608   21.988   22.084
            0.000000  0.000000  0.132655
  -39.331  -39.331  -39.331  -39.331  -39.330  -39.330  -39.330  -39.329  -39.301  -39.301
  -39.300  -39.300  -39.297  -39.297  -39.297  -39.297  -39.288  -39.288  -39.288  -39.288
  -13.298  -13.295  -13.284  -13.282  -13.280  -13.279  -13.275  -13.274  -13.259  -13.259
  -13.256  -13.254  -13.248  -13.247  -13.227  -13.226  -13.220  -13.220  -13.217  -13.214
   -5.524   -5.427   -4.469   -4.334    0.995    1.283    2.817    2.978    3.750    4.199
    5.085    5.198    5.223    5.269    6.066    6.244    6.283    6.434    7.449    7.631
   10.031   10.418   10.506   10.647   11.391   11.580   11.729   11.858   12.676   12.769
   13.185   13.550   13.811   14.087   14.926   15.176   15.634   15.734   16.072   16.149
   16.331   16.345   16.997   17.205   17.725   17.840   18.281   18.436   18.550   18.756
   19.607   20.442   20.544   21.039   21.158   21.529   21.536   21.637   21.854   22.198
            0.000000  0.000000  0.123811
  -39.331  -39.331  -39.331  -39.331  -39.330  -39.330  -39.330  -39.329  -39.301  -39.300
  -39.300  -39.300  -39.297  -39.297  -39.297  -39.297  -39.288  -39.288  -39.288  -39.288
  -13.299  -13.294  -13.284  -13.282  -13.280  -13.279  -13.275  -13.274  -13.259  -13.259
  -13.256  -13.253  -13.248  -13.247  -13.227  -13.226  -13.220  -13.220  -13.217  -13.214
   -5.532   -5.417   -4.483   -4.322    0.974    1.317    2.795    2.989    3.710    4.243
    5.074    5.174    5.239    5.254    6.075    6.224    6.339    6.449    7.430    7.645
    9.942   10.421   10.521   10.673   11.349   11.559   11.726   11.893   12.723   12.798
   13.143   13.580   13.803   14.121   14.903   15.190   15.596   15.718   16.117   16.139
   16.370   16.405   16.974   17.213   17.683   17.802   18.298   18.469   18.513   18.799
   19.456   20.343   20.453   20.988   21.219   21.539   21.639   21.675   21.725   22.323
            0.000000  0.000000  0.114967
  -39.331  -39.331  -39.331  -39.331  -39.330  -39.330  -39.330  -39.329  -39.301  -39.300
  -39.300  -39.300  -39.297  -39.297  -39.297  -39.297  -39.288  -39.288  -39.288  -39.288
  -13.299  -13.294  -13.284  -13.282  -13.280  -13.279  -13.275  -13.274  -13.259  -13.259
  -13.256  -13.253  -13.248  -13.247  -13.227  -13.227  -13.220  -13.220  -13.217  -13.214
   -5.540   -5.406   -4.497   -4.312    0.953    1.352    2.771    2.999    3.672    4.287
    5.063    5.149    5.236    5.254    6.086    6.204    6.401    6.464    7.411    7.659
    9.849   10.424   10.537   10.694   11.310   11.540   11.716   11.928   12.778   12.825
   13.100   13.607   13.800   14.153   14.883   15.196   15.560   15.717   16.131   16.161
   16.394   16.476   16.952   17.217   17.642   17.762   18.323   18.469   18.502   18.846
   19.305   20.236   20.364   20.936   21.249   21.562   21.600   21.736   21.738   22.456
            0.000000  0.000000  0.106124
  -39.331  -39.331  -39.331  -39.331  -39.330  -39.330  -39.330  -39.329  -39.301  -39.300
  -39.300  -39.300  -39.297  -39.297  -39.297  -39.297  -39.288  -39.288  -39.288  -39.288
  -13.299  -13.294  -13.284  -13.282  -13.280  -13.279  -13.275  -13.274  -13.260  -13.259
  -13.256  -13.253  -13.248  -13.247  -13.227  -13.227  -13.220  -13.220  -13.217  -13.214
   -5.547   -5.396   -4.511   -4.301    0.934    1.387    2.747    3.009    3.636    4.329
    5.054    5.125    5.215    5.269    6.098    6.184    6.465    6.479    7.393    7.671
    9.754   10.430   10.555   10.711   11.273   11.522   11.701   11.965   12.838   12.848
   13.056   13.633   13.804   14.184   14.863   15.197   15.526   15.730   16.126   16.205
   16.419   16.543   16.931   17.217   17.601   17.723   18.356   18.417   18.536   18.895
   19.157   20.129   20.275   20.885   21.242   21.481   21.596   21.824   21.830   22.433
            0.000000  0.000000  0.097280
  -39.331  -39.331  -39.331  -39.331  -39.330  -39.330  -39.330  -39.329  -39.301  -39.300
  -39.300  -39.300  -39.297  -39.297  -39.297  -39.297  -39.288  -39.288  -39.288  -39.288
  -13.299  -13.293  -13.285  -13.282  -13.280  -13.278  -13.275  -13.274  -13.260  -13.259
  -13.257  -13.253  -13.248  -13.247  -13.227  -13.227  -13.220  -13.220  -13.217  -13.213
   -5.554   -5.386   -4.524   -4.292    0.917    1.422    2.721    3.018    3.602    4.371
    5.045    5.101    5.193    5.285    6.112    6.165    6.492    6.533    7.375    7.683
    9.658   10.437   10.573   10.723   11.237   11.506   11.683   12.002   12.867   12.902
   13.012   13.658   13.814   14.213   14.845   15.193   15.494   15.755   16.122   16.246
   16.443   16.601   16.912   17.213   17.561   17.691   18.359   18.397   18.570   18.941
   19.012   20.025   20.188   20.835   21.201   21.369   21.640   21.908   21.934   22.401
            0.000000  0.000000  0.088436
  -39.331  -39.331  -39.331  -39.331  -39.330  -39.330  -39.330  -39.329  -39.301  -39.300
  -39.300  -39.300  -39.297  -39.297  -39.297  -39.297  -39.288  -39.288  -39.288  -39.288
  -13.300  -13.293  -13.285  -13.282  -13.280  -13.278  -13.275  -13.274  -13.260  -13.259
  -13.257  -13.253  -13.248  -13.247  -13.227  -13.227  -13.220  -13.220  -13.218  -13.213
   -5.560   -5.377   -4.536   -4.283    0.901    1.457    2.694    3.026    3.571    4.412
    5.037    5.079    5.170    5.299    6.126    6.147    6.504    6.601    7.358    7.693
    9.562   10.445   10.593   10.731   11.204   11.491   11.664   12.040   12.881   12.967
   12.968   13.680   13.829   14.239   14.828   15.187   15.465   15.791   16.122   16.287
   16.467   16.649   16.893   17.207   17.524   17.669   18.294   18.445   18.602   18.873
   18.981   19.932   20.100   20.788   21.138   21.263   21.691   21.958   22.058   22.400
            0.000000  0.000000  0.079593
  -39.331  -39.331  -39.331  -39.331  -39.330  -39.330  -39.330  -39.329  -39.301  -39.300
  -39.300  -39.300  -39.297  -39.297  -39.297  -39.297  -39.288  -39.288  -39.288  -39.288
  -13.300  -13.293  -13.285  -13.281  -13.280  -13.278  -13.276  -13.274  -13.260  -13.259
  -13.257  -13.252  -13.248  -13.247  -13.227  -13.227  -13.220  -13.220  -13.218  -13.213
   -5.565   -5.368   -4.548   -4.274    0.887    1.492    2.667    3.034    3.543    4.451
    5.029    5.058    5.146    5.313    6.129    6.140    6.515    6.671    7.342    7.702
    9.468   10.455   10.613   10.734   11.172   11.477   11.645   12.079   12.891   12.923
   13.030   13.700   13.848   14.264   14.813   15.179   15.438   15.834   16.124   16.325
   16.490   16.682   16.877   17.198   17.490   17.662   18.224   18.499   18.634   18.743
   19.009   19.854   20.014   20.744   21.061   21.165   21.747   21.975   22.190   22.440
            0.000000  0.000000  0.070749
  -39.331  -39.331  -39.331  -39.331  -39.330  -39.330  -39.329  -39.329  -39.300  -39.300
  -39.300  -39.300  -39.297  -39.297  -39.297  -39.297  -39.288  -39.288  -39.288  -39.288
  -13.300  -13.292  -13.285  -13.281  -13.280  -13.278  -13.276  -13.274  -13.260  -13.259
  -13.257  -13.252  -13.248  -13.247  -13.227  -13.227  -13.220  -13.220  -13.218  -13.213
   -5.570   -5.359   -4.558   -4.267    0.874    1.526    2.639    3.041    3.518    4.489
    5.022    5.039    5.121    5.327    6.112    6.153    6.525    6.740    7.328    7.710
    9.377   10.466   10.633   10.734   11.142   11.465   11.627   12.119   12.878   12.898
   13.090   13.719   13.870   14.286   14.799   15.173   15.414   15.883   16.129   16.361
   16.513   16.698   16.862   17.188   17.460   17.674   18.147   18.560   18.623   18.664
   19.017   19.800   19.927   20.704   20.975   21.075   21.806   21.963   22.325   22.513
            0.000000  0.000000  0.061905
  -39.331  -39.331  -39.331  -39.331  -39.330  -39.330  -39.330  -39.329  -39.300  -39.300
  -39.300  -39.300  -39.297  -39.297  -39.297  -39.297  -39.288  -39.288  -39.288  -39.288
  -13.300  -13.292  -13.285  -13.281  -13.280  -13.278  -13.276  -13.274  -13.260  -13.259
  -13.257  -13.252  -13.248  -13.247  -13.227  -13.227  -13.220  -13.220  -13.218  -13.213
   -5.575   -5.351   -4.568   -4.260    0.862    1.558    2.612    3.047    3.496    4.525
    5.016    5.022    5.095    5.339    6.097    6.166    6.534    6.808    7.314    7.717
    9.290   10.479   10.653   10.731   11.113   11.454   11.610   12.159   12.833   12.902
   13.145   13.735   13.894   14.305   14.787   15.168   15.392   15.936   16.137   16.394
   16.533   16.698   16.848   17.176   17.433   17.704   18.064   18.517   18.626   18.691
   18.999   19.775   19.840   20.667   20.883   20.994   21.866   21.938   22.462   22.607
            0.000000  0.000000  0.053062
  -39.331  -39.331  -39.331  -39.331  -39.330  -39.330  -39.330  -39.329  -39.300  -39.300
  -39.300  -39.300  -39.297  -39.297  -39.297  -39.297  -39.288  -39.288  -39.288  -39.288
  -13.300  -13.292  -13.286  -13.281  -13.280  -13.278  -13.276  -13.273  -13.260  -13.259
  -13.257  -13.252  -13.248  -13.247  -13.227  -13.227  -13.220  -13.220  -13.218  -13.213
   -5.578   -5.344   -4.577   -4.255    0.852    1.589    2.586    3.052    3.477    4.559
    5.007    5.011    5.071    5.351    6.083    6.178    6.542    6.872    7.302    7.723
    9.208   10.492   10.674   10.724   11.087   11.445   11.595   12.200   12.788   12.904
   13.195   13.750   13.918   14.322   14.776   15.164   15.373   15.990   16.148   16.425
   16.553   16.684   16.837   17.165   17.413   17.752   17.976   18.425   18.696   18.716
   18.955   19.753   19.782   20.635   20.788   20.922   21.908   21.923   22.597   22.710
            0.000000  0.000000  0.044218
  -39.331  -39.331  -39.331  -39.331  -39.330  -39.330  -39.330  -39.329  -39.300  -39.300
  -39.300  -39.300  -39.297  -39.297  -39.297  -39.297  -39.288  -39.288  -39.288  -39.288
  -13.300  -13.291  -13.286  -13.281  -13.280  -13.278  -13.276  -13.273  -13.260  -13.259
  -13.257  -13.252  -13.248  -13.247  -13.227  -13.227  -13.220  -13.220  -13.218  -13.213
   -5.582   -5.338   -4.585   -4.250    0.844    1.617    2.561    3.056    3.461    4.591
    4.994    5.007    5.046    5.361    6.070    6.188    6.549    6.931    7.291    7.728
    9.134   10.506   10.693   10.715   11.062   11.437   11.583   12.240   12.745   12.904
   13.238   13.762   13.942   14.336   14.767   15.163   15.357   16.044   16.162   16.452
   16.570   16.660   16.827   17.153   17.399   17.813   17.885   18.350   18.738   18.770
   18.890   19.666   19.816   20.608   20.692   20.861   21.879   21.977   22.729   22.818
            0.000000  0.000000  0.035375
  -39.331  -39.331  -39.331  -39.331  -39.330  -39.330  -39.329  -39.329  -39.300  -39.300
  -39.300  -39.300  -39.297  -39.297  -39.297  -39.297  -39.288  -39.288  -39.288  -39.288
  -13.300  -13.291  -13.286  -13.281  -13.280  -13.278  -13.276  -13.273  -13.260  -13.259
  -13.257  -13.252  -13.248  -13.247  -13.227  -13.227  -13.220  -13.220  -13.219  -13.213
   -5.584   -5.333   -4.592   -4.246    0.837    1.642    2.539    3.060    3.448    4.620
    4.984    5.003    5.024    5.370    6.060    6.196    6.554    6.984    7.282    7.732
    9.069   10.521   10.705   10.712   11.039   11.430   11.573   12.280   12.702   12.903
   13.273   13.772   13.962   14.347   14.759   15.163   15.344   16.094   16.177   16.475
   16.584   16.631   16.819   17.142   17.393   17.795   17.884   18.290   18.756   18.811
   18.847   19.579   19.868   20.585   20.595   20.810   21.852   22.024   22.855   22.925
            0.000000  0.000000  0.026531
  -39.331  -39.331  -39.331  -39.331  -39.330  -39.330  -39.330  -39.329  -39.301  -39.300
  -39.300  -39.300  -39.297  -39.297  -39.297  -39.297  -39.288  -39.288  -39.288  -39.288
  -13.301  -13.291  -13.286  -13.281  -13.280  -13.277  -13.276  -13.273  -13.260  -13.259
  -13.257  -13.252  -13.248  -13.247  -13.227  -13.227  -13.220  -13.220  -13.219  -13.212
   -5.586   -5.329   -4.597   -4.242    0.832    1.662    2.520    3.063    3.437    4.644
    4.975    5.000    5.004    5.377    6.052    6.203    6.559    7.029    7.275    7.735
    9.016   10.534   10.694   10.728   11.020   11.425   11.565   12.317   12.662   12.903
   13.302   13.780   13.980   14.356   14.753   15.163   15.333   16.138   16.193   16.493
   16.596   16.600   16.813   17.133   17.395   17.709   17.958   18.245   18.729   18.771
   18.925   19.493   19.932   20.500   20.568   20.771   21.831   22.064   22.970   23.028
            0.000000  0.000000  0.017687
  -39.331  -39.331  -39.331  -39.331  -39.330  -39.330  -39.329  -39.329  -39.301  -39.300
  -39.300  -39.300  -39.297  -39.297  -39.297  -39.297  -39.288  -39.288  -39.288  -39.287
  -13.301  -13.291  -13.286  -13.281  -13.280  -13.277  -13.276  -13.273  -13.260  -13.259
  -13.257  -13.252  -13.248  -13.247  -13.227  -13.227  -13.220  -13.220  -13.219  -13.212
   -5.588   -5.326   -4.600   -4.240    0.828    1.677    2.506    3.065    3.430    4.664
    4.970    4.988    4.998    5.382    6.045    6.208    6.562    7.063    7.269    7.737
    8.976   10.546   10.684   10.742   11.005   11.422   11.559   12.351   12.627   12.902
   13.322   13.786   13.993   14.362   14.749   15.164   15.326   16.173   16.208   16.507
   16.574   16.605   16.808   17.126   17.408   17.632   18.029   18.213   18.651   18.782
   19.002   19.411   20.003   20.410   20.555   20.742   21.815   22.093   23.066   23.118
            0.000000  0.000000  0.008844
  -39.331  -39.331  -39.331  -39.331  -39.330  -39.330  -39.329  -39.329  -39.301  -39.300
  -39.300  -39.300  -39.297  -39.297  -39.297  -39.297  -39.288  -39.288  -39.288  -39.287
  -13.301  -13.291  -13.286  -13.281  -13.280  -13.277  -13.276  -13.273  -13.260  -13.259
  -13.257  -13.251  -13.248  -13.247  -13.227  -13.227  -13.220  -13.220  -13.219  -13.212
   -5.589   -5.324   -4.603   -4.239    0.825    1.687    2.498    3.066    3.426    4.677
    4.966    4.977    4.997    5.385    6.042    6.211    6.563    7.084    7.265    7.739
    8.951   10.555   10.676   10.750   10.995   11.420   11.556   12.376   12.600   12.901
   13.334   13.789   14.001   14.366   14.746   15.165   15.321   16.195   16.218   16.516
   16.555   16.610   16.805   17.122   17.429   17.571   18.085   18.194   18.591   18.788
   19.070   19.340   20.071   20.330   20.547   20.725   21.805   22.111   23.134   23.185
            0.000000  0.000000  0.000000
  -39.331  -39.331  -39.331  -39.331  -39.330  -39.330  -39.329  -39.329  -39.301  -39.300
  -39.300  -39.300  -39.297  -39.297  -39.297  -39.297  -39.288  -39.288  -39.288  -39.287
  -13.301  -13.291  -13.286  -13.281  -13.280  -13.277  -13.276  -13.273  -13.260  -13.259
  -13.258  -13.251  -13.248  -13.247  -13.227  -13.227  -13.220  -13.220  -13.219  -13.212
   -5.589   -5.324   -4.604   -4.238    0.825    1.690    2.495    3.067    3.425    4.681
    4.965    4.973    4.996    5.386    6.040    6.212    6.564    7.092    7.263    7.739
    8.943   10.558   10.673   10.753   10.991   11.419   11.555   12.386   12.590   12.901
   13.338   13.790   14.004   14.367   14.745   15.166   15.320   16.203   16.222   16.518
   16.549   16.612   16.804   17.120   17.442   17.543   18.107   18.187   18.567   18.790
   19.104   19.305   20.107   20.291   20.545   20.720   21.802   22.117   23.158   23.210
