 &plot nbnd= 100, nks=    61 /
            0.000000  0.000000  0.000000
  -46.306  -46.306  -46.305  -46.305  -46.277  -46.276  -46.272  -46.272  -46.263  -46.263
  -46.219  -46.219  -46.217  -46.217  -46.182  -46.181  -46.178  -46.177  -46.166  -46.166
  -20.257  -20.252  -20.243  -20.242  -20.240  -20.237  -20.233  -20.233  -20.216  -20.216
  -20.211  -20.205  -20.203  -20.190  -20.189  -20.183  -20.183  -20.177  -20.176  -20.171
  -12.465  -12.318  -11.415  -11.247   -5.933   -5.465   -4.126   -3.905   -3.213   -2.452
   -2.048   -1.857   -1.772   -1.646   -0.736   -0.733   -0.511   -0.487    0.548    0.806
    2.142    3.264    3.652    3.756    3.986    4.233    4.666    4.947    5.201    5.219
    5.561    5.770    6.094    6.156    6.644    6.661    7.131    7.529    7.815    7.876
    8.212    8.569    8.692    8.786    9.367    9.472    9.534    9.783    9.885   10.109
   10.295   10.477   10.552   10.745   11.267   11.327   11.484   11.705   11.750   11.885
            0.025000  0.000000  0.000000
  -46.306  -46.306  -46.305  -46.305  -46.277  -46.276  -46.272  -46.272  -46.263  -46.263
  -46.219  -46.219  -46.217  -46.217  -46.182  -46.181  -46.177  -46.177  -46.166  -46.166
  -20.257  -20.252  -20.243  -20.242  -20.240  -20.237  -20.234  -20.233  -20.216  -20.216
  -20.211  -20.205  -20.203  -20.190  -20.189  -20.183  -20.183  -20.177  -20.176  -20.171
  -12.461  -12.315  -11.414  -11.246   -5.936   -5.470   -4.134   -3.919   -3.210   -2.448
   -2.045   -1.876   -1.754   -1.651   -0.740   -0.734   -0.498   -0.492    0.549    0.804
    2.147    3.269    3.669    3.773    3.995    4.220    4.629    4.950    5.156    5.228
    5.574    5.789    6.063    6.168    6.618    6.668    7.132    7.521    7.797    7.847
    8.181    8.514    8.718    8.778    9.386    9.457    9.588    9.778    9.913   10.126
   10.330   10.512   10.596   10.771   11.258   11.269   11.570   11.725   11.784   11.899
            0.050000  0.000000  0.000000
  -46.306  -46.306  -46.305  -46.305  -46.277  -46.276  -46.272  -46.272  -46.263  -46.263
  -46.219  -46.219  -46.217  -46.217  -46.181  -46.181  -46.177  -46.177  -46.166  -46.166
  -20.256  -20.252  -20.243  -20.241  -20.241  -20.237  -20.234  -20.233  -20.216  -20.216
  -20.211  -20.205  -20.203  -20.190  -20.189  -20.183  -20.183  -20.177  -20.176  -20.171
  -12.451  -12.305  -11.410  -11.244   -5.947   -5.485   -4.158   -3.959   -3.200   -2.437
   -2.035   -1.911   -1.718   -1.664   -0.758   -0.728   -0.507   -0.462    0.551    0.799
    2.159    3.282    3.720    3.823    4.019    4.171    4.545    4.950    5.054    5.249
    5.603    5.834    5.977    6.196    6.546    6.683    7.136    7.491    7.743    7.766
    8.113    8.412    8.742    8.767    9.403    9.433    9.723    9.796    9.970   10.212
   10.386   10.630   10.721   10.845   11.214   11.235   11.688   11.757   11.903   11.931
            0.075000  0.000000  0.000000
  -46.306  -46.306  -46.305  -46.305  -46.277  -46.276  -46.272  -46.272  -46.263  -46.263
  -46.219  -46.219  -46.217  -46.217  -46.181  -46.181  -46.177  -46.177  -46.166  -46.166
  -20.256  -20.251  -20.242  -20.241  -20.241  -20.238  -20.234  -20.234  -20.216  -20.216
  -20.211  -20.205  -20.203  -20.190  -20.189  -20.183  -20.183  -20.177  -20.176  -20.171
  -12.435  -12.290  -11.403  -11.239   -5.964   -5.510   -4.198   -4.025   -3.185   -2.419
   -2.020   -1.949   -1.684   -1.677   -0.779   -0.721   -0.526   -0.413    0.553    0.790
    2.179    3.301    3.795    3.895    4.052    4.067    4.467    4.859    5.015    5.278
    5.634    5.838    5.895    6.225    6.441    6.701    7.146    7.422    7.656    7.659
    8.050    8.302    8.752    8.763    9.310    9.491    9.863    9.895   10.035   10.365
   10.463   10.814   10.899   10.958   11.202   11.219   11.762   11.772   11.951   12.009
            0.100000  0.000000  0.000000
  -46.306  -46.306  -46.305  -46.305  -46.277  -46.276  -46.272  -46.272  -46.263  -46.263
  -46.219  -46.219  -46.217  -46.217  -46.181  -46.181  -46.177  -46.177  -46.166  -46.166
  -20.255  -20.251  -20.241  -20.241  -20.240  -20.238  -20.234  -20.234  -20.216  -20.215
  -20.212  -20.205  -20.203  -20.190  -20.190  -20.183  -20.182  -20.178  -20.176  -20.171
  -12.412  -12.268  -11.393  -11.234   -5.987   -5.545   -4.253   -4.114   -3.162   -2.393
   -2.000   -1.985   -1.706   -1.635   -0.796   -0.715   -0.543   -0.356    0.553    0.776
    2.207    3.324    3.853    3.874    4.035    4.088    4.414    4.704    5.042    5.315
    5.666    5.682    5.938    6.225    6.331    6.715    7.163    7.294    7.558    7.567
    8.015    8.193    8.766    8.767    9.198    9.547    9.972   10.088   10.102   10.449
   10.680   11.013   11.059   11.104   11.230   11.269   11.639   11.810   11.940   12.038
            0.125000  0.000000  0.000000
  -46.306  -46.306  -46.305  -46.305  -46.277  -46.276  -46.272  -46.272  -46.263  -46.263
  -46.219  -46.219  -46.217  -46.217  -46.181  -46.181  -46.177  -46.177  -46.166  -46.166
  -20.254  -20.250  -20.242  -20.241  -20.239  -20.239  -20.235  -20.234  -20.216  -20.215
  -20.212  -20.204  -20.204  -20.191  -20.190  -20.184  -20.182  -20.178  -20.176  -20.170
  -12.383  -12.241  -11.382  -11.228   -6.017   -5.588   -4.324   -4.223   -3.131   -2.361
   -2.015   -1.979   -1.723   -1.591   -0.808   -0.715   -0.550   -0.296    0.550    0.755
    2.242    3.341    3.660    3.916    4.119    4.122    4.383    4.571    5.084    5.359
    5.505    5.695    5.972    6.130    6.295    6.727    7.129    7.179    7.471    7.524
    8.005    8.088    8.764    8.791    9.098    9.603   10.090   10.185   10.277   10.526
   10.909   11.135   11.173   11.231   11.327   11.424   11.467   11.761   11.971   12.003
            0.150000  0.000000  0.000000
  -46.306  -46.306  -46.305  -46.305  -46.277  -46.276  -46.272  -46.272  -46.263  -46.263
  -46.219  -46.219  -46.217  -46.217  -46.181  -46.181  -46.177  -46.177  -46.166  -46.166
  -20.253  -20.250  -20.242  -20.240  -20.239  -20.239  -20.235  -20.235  -20.216  -20.215
  -20.212  -20.204  -20.204  -20.191  -20.191  -20.184  -20.181  -20.178  -20.175  -20.170
  -12.348  -12.208  -11.369  -11.222   -6.052   -5.638   -4.409   -4.349   -3.093   -2.322
   -2.038   -1.959   -1.729   -1.545   -0.813   -0.723   -0.543   -0.235    0.542    0.728
    2.284    3.298    3.505    3.868    4.139    4.154    4.400    4.503    5.135    5.315
    5.421    5.718    5.992    5.993    6.291    6.739    6.971    7.171    7.452    7.530
    7.993    8.011    8.742    8.818    9.042    9.662   10.158   10.330   10.403   10.667
   10.917   11.091   11.207   11.394   11.395   11.480   11.691   11.742   11.744   12.022
            0.175000  0.000000  0.000000
  -46.306  -46.306  -46.305  -46.304  -46.277  -46.276  -46.272  -46.272  -46.263  -46.263
  -46.219  -46.219  -46.217  -46.217  -46.181  -46.181  -46.177  -46.177  -46.166  -46.166
  -20.252  -20.250  -20.243  -20.241  -20.238  -20.238  -20.235  -20.235  -20.216  -20.215
  -20.212  -20.204  -20.204  -20.192  -20.191  -20.185  -20.181  -20.178  -20.175  -20.170
  -12.307  -12.169  -11.356  -11.215   -6.092   -5.694   -4.507   -4.488   -3.047   -2.279
   -2.050   -1.946   -1.716   -1.496   -0.813   -0.737   -0.521   -0.177    0.527    0.695
    2.332    3.115    3.488    3.734    4.093    4.126    4.460    4.493    5.143    5.194
    5.483    5.729    5.851    5.994    6.290    6.748    6.866    7.148    7.524    7.587
    7.912    8.021    8.703    8.840    9.038    9.721   10.196   10.431   10.509   10.778
   10.857   10.865   11.111   11.477   11.557   11.566   11.612   11.872   11.922   12.014
            0.200000  0.000000  0.000000
  -46.306  -46.306  -46.305  -46.304  -46.277  -46.276  -46.272  -46.272  -46.263  -46.263
  -46.219  -46.219  -46.217  -46.217  -46.181  -46.181  -46.177  -46.177  -46.166  -46.166
  -20.251  -20.250  -20.243  -20.242  -20.237  -20.237  -20.235  -20.235  -20.216  -20.214
  -20.212  -20.204  -20.204  -20.192  -20.192  -20.186  -20.180  -20.178  -20.175  -20.170
  -12.260  -12.126  -11.342  -11.210   -6.135   -5.754   -4.637   -4.617   -2.992   -2.232
   -2.050   -1.939   -1.683   -1.446   -0.807   -0.752   -0.491   -0.124    0.506    0.657
    2.386    2.893    3.517    3.559    3.986    4.075    4.478    4.483    5.006    5.258
    5.551    5.670    5.758    5.977    6.298    6.769    6.851    7.153    7.665    7.695
    7.848    8.027    8.676    8.856    9.069    9.778   10.219   10.325   10.564   10.702
   10.761   10.873   11.016   11.443   11.564   11.588   11.713   11.895   12.097   12.119
            0.225000  0.000000  0.000000
  -46.306  -46.306  -46.305  -46.304  -46.277  -46.276  -46.272  -46.272  -46.263  -46.263
  -46.219  -46.219  -46.217  -46.217  -46.181  -46.181  -46.178  -46.177  -46.166  -46.166
  -20.250  -20.250  -20.243  -20.242  -20.237  -20.236  -20.235  -20.235  -20.216  -20.214
  -20.212  -20.205  -20.204  -20.193  -20.193  -20.187  -20.179  -20.178  -20.174  -20.169
  -12.209  -12.079  -11.328  -11.207   -6.180   -5.816   -4.793   -4.735   -2.930   -2.186
   -2.033   -1.933   -1.631   -1.394   -0.797   -0.766   -0.454   -0.079    0.477    0.616
    2.444    2.675    3.374    3.551    3.857    3.992    4.406    4.434    4.923    5.321
    5.505    5.605    5.747    5.948    6.321    6.838    6.946    7.191    7.799    7.846
    7.859    8.029    8.681    8.871    9.116    9.815   10.114   10.194   10.428   10.587
   10.681   10.952   11.074   11.268   11.461   11.733   11.760   11.847   12.180   12.253
            0.250000  0.000000  0.000000
  -46.306  -46.306  -46.305  -46.304  -46.277  -46.276  -46.272  -46.272  -46.263  -46.263
  -46.219  -46.219  -46.217  -46.217  -46.181  -46.181  -46.177  -46.177  -46.166  -46.166
  -20.250  -20.249  -20.243  -20.243  -20.237  -20.236  -20.234  -20.234  -20.216  -20.214
  -20.211  -20.205  -20.203  -20.193  -20.193  -20.188  -20.179  -20.177  -20.174  -20.169
  -12.153  -12.027  -11.316  -11.206   -6.225   -5.877   -4.952   -4.861   -2.860   -2.142
   -1.999   -1.923   -1.567   -1.343   -0.784   -0.779   -0.414   -0.048    0.440    0.576
    2.473    2.504    3.197    3.575    3.723    3.886    4.275    4.343    4.861    5.279
    5.414    5.610    5.744    5.940    6.364    6.972    7.137    7.259    7.778    7.987
    8.071    8.082    8.725    8.893    9.168    9.779    9.878   10.105   10.330   10.419
   10.625   11.030   11.065   11.174   11.259   11.795   11.866   11.888   12.261   12.396
            0.275000  0.000000  0.000000
  -46.306  -46.306  -46.305  -46.304  -46.277  -46.276  -46.272  -46.271  -46.263  -46.263
  -46.219  -46.219  -46.217  -46.217  -46.181  -46.181  -46.177  -46.177  -46.166  -46.166
  -20.250  -20.249  -20.244  -20.244  -20.236  -20.235  -20.233  -20.233  -20.216  -20.214
  -20.211  -20.205  -20.203  -20.194  -20.194  -20.189  -20.178  -20.177  -20.173  -20.169
  -12.093  -11.972  -11.307  -11.209   -6.269   -5.934   -5.111   -4.990   -2.782   -2.100
   -1.948   -1.906   -1.492   -1.293   -0.791   -0.771   -0.373   -0.033    0.396    0.535
    2.296    2.558    3.038    3.527    3.637    3.768    4.137    4.223    4.781    5.074
    5.452    5.550    5.759    5.982    6.426    7.141    7.363    7.401    7.789    8.003
    8.261    8.313    8.805    8.935    9.210    9.627    9.660   10.010   10.183   10.445
   10.499   10.856   10.942   11.154   11.345   11.758   11.988   12.015   12.364   12.377
            0.300000  0.000000  0.000000
  -46.306  -46.306  -46.305  -46.304  -46.277  -46.276  -46.272  -46.272  -46.263  -46.263
  -46.219  -46.219  -46.217  -46.217  -46.181  -46.181  -46.177  -46.177  -46.166  -46.166
  -20.251  -20.249  -20.245  -20.244  -20.236  -20.234  -20.233  -20.232  -20.216  -20.213
  -20.211  -20.206  -20.203  -20.194  -20.194  -20.190  -20.177  -20.176  -20.173  -20.169
  -12.030  -11.915  -11.300  -11.216   -6.307   -5.986   -5.269   -5.121   -2.699   -2.059
   -1.886   -1.880   -1.409   -1.248   -0.804   -0.758   -0.332   -0.033    0.346    0.493
    2.153    2.590    2.918    3.394    3.597    3.647    4.041    4.087    4.673    4.857
    5.451    5.460    5.811    6.059    6.503    7.284    7.503    7.702    7.874    8.024
    8.466    8.502    8.914    9.013    9.201    9.440    9.513    9.851   10.159   10.337
   10.434   10.689   10.779   11.199   11.518   11.727   12.027   12.124   12.196   12.410
            0.325000  0.000000  0.000000
  -46.306  -46.306  -46.305  -46.304  -46.277  -46.276  -46.272  -46.272  -46.263  -46.263
  -46.219  -46.219  -46.217  -46.217  -46.181  -46.181  -46.177  -46.177  -46.166  -46.166
  -20.252  -20.249  -20.246  -20.245  -20.235  -20.233  -20.232  -20.231  -20.216  -20.213
  -20.210  -20.206  -20.203  -20.195  -20.195  -20.191  -20.177  -20.176  -20.172  -20.169
  -11.964  -11.856  -11.298  -11.228   -6.340   -6.029   -5.422   -5.251   -2.609   -2.017
   -1.846   -1.818   -1.321   -1.210   -0.822   -0.746   -0.293   -0.045    0.291    0.444
    2.051    2.570    2.864    3.249    3.520    3.536    3.950    4.006    4.545    4.643
    5.337    5.430    5.901    6.156    6.595    7.385    7.614    7.913    8.087    8.175
    8.593    8.633    8.994    9.066    9.174    9.338    9.480    9.760   10.053   10.180
   10.428   10.444   10.830   11.252   11.675   11.723   11.860   12.053   12.227   12.304
            0.350000  0.000000  0.000000
  -46.306  -46.306  -46.304  -46.304  -46.277  -46.276  -46.272  -46.271  -46.263  -46.263
  -46.219  -46.219  -46.217  -46.217  -46.181  -46.181  -46.177  -46.177  -46.166  -46.166
  -20.252  -20.250  -20.246  -20.245  -20.234  -20.232  -20.231  -20.230  -20.216  -20.213
  -20.210  -20.206  -20.202  -20.195  -20.195  -20.192  -20.176  -20.175  -20.172  -20.169
  -11.896  -11.795  -11.301  -11.245   -6.363   -6.063   -5.569   -5.378   -2.514   -1.973
   -1.803   -1.749   -1.229   -1.183   -0.844   -0.738   -0.259   -0.061    0.234    0.380
    1.995    2.503    2.858    3.102    3.421    3.448    3.823    4.011    4.409    4.438
    5.220    5.377    6.016    6.266    6.698    7.448    7.706    7.956    8.336    8.515
    8.637    8.671    8.954    8.998    9.316    9.397    9.475    9.808    9.891   10.061
   10.185   10.515   10.940   11.265   11.600   11.756   11.861   11.884   12.154   12.425
            0.375000  0.000000  0.000000
  -46.306  -46.306  -46.304  -46.304  -46.277  -46.276  -46.272  -46.272  -46.263  -46.263
  -46.219  -46.219  -46.217  -46.217  -46.181  -46.181  -46.177  -46.177  -46.166  -46.166
  -20.253  -20.251  -20.247  -20.246  -20.234  -20.232  -20.230  -20.229  -20.216  -20.213
  -20.209  -20.207  -20.202  -20.196  -20.196  -20.193  -20.175  -20.175  -20.171  -20.169
  -11.827  -11.735  -11.309  -11.269   -6.376   -6.084   -5.708   -5.499   -2.416   -1.931
   -1.755   -1.682   -1.168   -1.137   -0.870   -0.733   -0.233   -0.073    0.179    0.301
    1.983    2.432    2.845    2.957    3.332    3.399    3.713    4.019    4.249    4.281
    5.110    5.311    6.147    6.385    6.810    7.473    7.817    7.962    8.358    8.564
    8.762    8.878    8.925    9.107    9.434    9.447    9.493    9.660    9.935   10.063
   10.066   10.605   11.067   11.210   11.395   11.682   11.817   12.032   12.153   12.570
            0.400000  0.000000  0.000000
  -46.306  -46.306  -46.304  -46.304  -46.277  -46.276  -46.272  -46.272  -46.263  -46.263
  -46.219  -46.219  -46.217  -46.217  -46.181  -46.181  -46.177  -46.177  -46.166  -46.166
  -20.253  -20.251  -20.247  -20.247  -20.233  -20.231  -20.230  -20.229  -20.216  -20.213
  -20.209  -20.207  -20.201  -20.196  -20.196  -20.194  -20.175  -20.174  -20.171  -20.169
  -11.759  -11.676  -11.324  -11.298   -6.376   -6.091   -5.836   -5.614   -2.315   -1.896
   -1.703   -1.622   -1.163   -1.054   -0.896   -0.729   -0.217   -0.077    0.128    0.208
    2.012    2.375    2.794    2.818    3.267    3.393    3.631    3.991    4.087    4.188
    5.016    5.238    6.287    6.510    6.928    7.464    7.932    7.950    8.237    8.466
    8.671    9.076    9.253    9.324    9.403    9.409    9.562    9.571    9.872   10.100
   10.320   10.690   11.075   11.099   11.332   11.522   11.881   12.199   12.256   12.683
            0.425000  0.000000  0.000000
  -46.306  -46.306  -46.304  -46.304  -46.277  -46.276  -46.272  -46.272  -46.263  -46.263
  -46.219  -46.219  -46.217  -46.217  -46.181  -46.181  -46.177  -46.177  -46.166  -46.166
  -20.253  -20.252  -20.247  -20.247  -20.232  -20.230  -20.230  -20.228  -20.215  -20.214
  -20.209  -20.207  -20.201  -20.197  -20.196  -20.195  -20.174  -20.174  -20.171  -20.169
  -11.692  -11.620  -11.344  -11.334   -6.362   -6.086   -5.951   -5.719   -2.215   -1.875
   -1.650   -1.573   -1.163   -1.012   -0.891   -0.727   -0.211   -0.070    0.087    0.110
    2.073    2.342    2.687    2.708    3.232    3.404    3.583    3.907    3.966    4.141
    4.950    5.163    6.432    6.634    7.049    7.424    7.852    8.049    8.136    8.434
    8.604    9.039    9.224    9.300    9.512    9.600    9.659    9.706   10.024   10.183
   10.532   10.733   10.940   10.969   11.317   11.579   11.939   12.373   12.408   12.583
            0.450000  0.000000  0.000000
  -46.306  -46.306  -46.304  -46.304  -46.277  -46.276  -46.272  -46.272  -46.263  -46.263
  -46.219  -46.219  -46.217  -46.217  -46.181  -46.181  -46.177  -46.177  -46.166  -46.166
  -20.253  -20.252  -20.248  -20.247  -20.231  -20.230  -20.229  -20.228  -20.215  -20.214
  -20.208  -20.208  -20.200  -20.198  -20.196  -20.196  -20.174  -20.174  -20.170  -20.169
  -11.627  -11.569  -11.373  -11.370   -6.333   -6.086   -6.032   -5.813   -2.119   -1.876
   -1.602   -1.541   -1.159   -1.035   -0.837   -0.726   -0.207   -0.061    0.019    0.055
    2.158    2.335    2.572    2.602    3.227    3.392    3.574    3.806    3.907    4.099
    4.920    5.089    6.576    6.746    7.163    7.360    7.746    7.919    8.275    8.465
    8.586    8.926    9.058    9.124    9.618    9.706    9.946    9.951   10.229   10.295
   10.568   10.732   10.851   10.879   11.313   11.778   11.969   12.428   12.533   12.553
            0.475000  0.000000  0.000000
  -46.306  -46.306  -46.305  -46.304  -46.277  -46.276  -46.272  -46.272  -46.263  -46.263
  -46.219  -46.219  -46.217  -46.217  -46.182  -46.181  -46.177  -46.177  -46.166  -46.166
  -20.253  -20.253  -20.248  -20.248  -20.231  -20.230  -20.229  -20.228  -20.215  -20.214
  -20.208  -20.208  -20.200  -20.198  -20.196  -20.196  -20.174  -20.174  -20.170  -20.169
  -11.569  -11.530  -11.411  -11.399   -6.289   -6.157   -6.013   -5.894   -2.031   -1.904
   -1.562   -1.528   -1.144   -1.075   -0.781   -0.730   -0.192   -0.093   -0.014    0.028
    2.258    2.354    2.476    2.487    3.250    3.349    3.596    3.715    3.918    4.040
    4.927    5.021    6.708    6.816    7.249    7.303    7.668    7.782    8.438    8.525
    8.610    8.800    8.922    8.953    9.726    9.771   10.114   10.165   10.336   10.443
   10.473   10.689   10.794   10.869   11.464   11.901   11.968   12.300   12.527   12.701
            0.500000  0.000000  0.000000
  -46.306  -46.306  -46.305  -46.304  -46.277  -46.276  -46.272  -46.272  -46.263  -46.263
  -46.219  -46.219  -46.217  -46.217  -46.181  -46.181  -46.177  -46.177  -46.166  -46.166
  -20.253  -20.253  -20.248  -20.248  -20.230  -20.230  -20.228  -20.228  -20.214  -20.214
  -20.208  -20.208  -20.199  -20.199  -20.196  -20.196  -20.174  -20.174  -20.169  -20.169
  -11.528  -11.528  -11.422  -11.422   -6.230   -6.230   -5.962   -5.962   -1.957   -1.957
   -1.535   -1.535   -1.115   -1.115   -0.746   -0.746   -0.154   -0.153    0.004    0.004
    2.367    2.367    2.406    2.406    3.294    3.294    3.643    3.643    3.973    3.973
    4.964    4.964    6.802    6.802    7.280    7.281    7.682    7.682    8.551    8.551
    8.676    8.676    8.866    8.866    9.784    9.784   10.216   10.216   10.372   10.372
   10.588   10.588   10.834   10.834   11.700   11.700   12.138   12.138   12.609   12.609
            0.500000  0.021944  0.000000
  -46.306  -46.306  -46.305  -46.304  -46.277  -46.276  -46.272  -46.272  -46.263  -46.263
  -46.219  -46.219  -46.217  -46.217  -46.182  -46.182  -46.177  -46.177  -46.166  -46.166
  -20.253  -20.253  -20.248  -20.248  -20.230  -20.230  -20.228  -20.228  -20.214  -20.214
  -20.208  -20.208  -20.199  -20.199  -20.196  -20.196  -20.174  -20.174  -20.169  -20.169
  -11.527  -11.527  -11.421  -11.421   -6.227   -6.227   -5.960   -5.960   -1.965   -1.965
   -1.550   -1.550   -1.134   -1.134   -0.749   -0.749   -0.149   -0.149    0.003    0.003
    2.332    2.332    2.438    2.438    3.321    3.321    3.683    3.683    3.978    3.978
    4.964    4.964    6.803    6.803    7.283    7.283    7.679    7.680    8.519    8.519
    8.631    8.631    8.942    8.942    9.767    9.767   10.199   10.199   10.365   10.366
   10.640   10.640   10.839   10.839   11.699   11.700   12.140   12.140   12.591   12.591
            0.500000  0.043888  0.000000
  -46.306  -46.306  -46.305  -46.304  -46.277  -46.277  -46.272  -46.272  -46.263  -46.263
  -46.219  -46.219  -46.217  -46.217  -46.182  -46.182  -46.177  -46.177  -46.166  -46.166
  -20.253  -20.253  -20.248  -20.248  -20.230  -20.230  -20.228  -20.228  -20.214  -20.214
  -20.208  -20.208  -20.199  -20.199  -20.196  -20.196  -20.174  -20.174  -20.169  -20.169
  -11.524  -11.524  -11.419  -11.419   -6.220   -6.220   -5.955   -5.955   -1.988   -1.988
   -1.595   -1.595   -1.184   -1.184   -0.761   -0.761   -0.146   -0.146    0.007    0.007
    2.283    2.283    2.487    2.487    3.401    3.401    3.789    3.789    3.996    3.996
    4.965    4.965    6.806    6.806    7.290    7.291    7.671    7.671    8.423    8.423
    8.602    8.602    9.057    9.057    9.732    9.732   10.166   10.167   10.360   10.360
   10.753   10.753   10.862   10.862   11.697   11.698   12.148   12.148   12.546   12.546
            0.500000  0.065832  0.000000
  -46.306  -46.306  -46.304  -46.304  -46.277  -46.277  -46.272  -46.272  -46.263  -46.263
  -46.219  -46.219  -46.217  -46.217  -46.182  -46.182  -46.177  -46.177  -46.166  -46.166
  -20.254  -20.253  -20.248  -20.248  -20.230  -20.230  -20.228  -20.228  -20.214  -20.214
  -20.208  -20.208  -20.199  -20.199  -20.196  -20.196  -20.174  -20.174  -20.169  -20.169
  -11.520  -11.520  -11.415  -11.415   -6.208   -6.208   -5.945   -5.945   -2.029   -2.029
   -1.664   -1.664   -1.248   -1.248   -0.789   -0.789   -0.164   -0.164    0.023    0.023
    2.246    2.246    2.552    2.552    3.525    3.525    3.931    3.931    4.037    4.037
    4.967    4.967    6.809    6.809    7.302    7.303    7.656    7.656    8.319    8.320
    8.588    8.589    9.130    9.130    9.717    9.717   10.131   10.131   10.374   10.374
   10.831   10.831   10.950   10.950   11.693   11.694   12.163   12.163   12.471   12.471
            0.500000  0.087776  0.000000
  -46.306  -46.306  -46.305  -46.304  -46.277  -46.277  -46.272  -46.272  -46.263  -46.263
  -46.219  -46.219  -46.217  -46.217  -46.182  -46.182  -46.177  -46.177  -46.166  -46.166
  -20.254  -20.254  -20.248  -20.248  -20.230  -20.230  -20.228  -20.228  -20.214  -20.214
  -20.208  -20.208  -20.199  -20.199  -20.196  -20.196  -20.174  -20.174  -20.169  -20.169
  -11.514  -11.514  -11.409  -11.409   -6.191   -6.191   -5.933   -5.933   -2.088   -2.088
   -1.753   -1.753   -1.314   -1.314   -0.833   -0.833   -0.208   -0.208    0.045    0.045
    2.232    2.232    2.644    2.644    3.675    3.675    4.035    4.035    4.161    4.161
    4.977    4.977    6.814    6.814    7.319    7.319    7.632    7.632    8.236    8.236
    8.575    8.575    9.133    9.133    9.751    9.752   10.092   10.092   10.417   10.417
   10.864   10.864   11.088   11.088   11.686   11.686   12.186   12.186   12.360   12.360
            0.500000  0.109720  0.000000
  -46.306  -46.306  -46.305  -46.304  -46.277  -46.277  -46.272  -46.272  -46.263  -46.263
  -46.219  -46.219  -46.217  -46.217  -46.182  -46.182  -46.177  -46.177  -46.166  -46.166
  -20.254  -20.254  -20.248  -20.248  -20.230  -20.230  -20.228  -20.228  -20.214  -20.214
  -20.207  -20.207  -20.199  -20.199  -20.196  -20.196  -20.174  -20.174  -20.169  -20.169
  -11.507  -11.507  -11.402  -11.402   -6.169   -6.169   -5.917   -5.917   -2.165   -2.165
   -1.854   -1.854   -1.379   -1.379   -0.893   -0.893   -0.270   -0.270    0.060    0.060
    2.250    2.250    2.767    2.767    3.823    3.823    4.120    4.120    4.344    4.344
    5.003    5.003    6.817    6.817    7.337    7.338    7.603    7.603    8.178    8.178
    8.559    8.559    9.087    9.087    9.808    9.808   10.061   10.061   10.480   10.480
   10.908   10.908   11.211   11.211   11.677   11.677   12.191   12.191   12.229   12.229
            0.500000  0.131663  0.000000
  -46.306  -46.306  -46.305  -46.304  -46.277  -46.276  -46.272  -46.272  -46.263  -46.263
  -46.219  -46.219  -46.217  -46.217  -46.182  -46.181  -46.177  -46.177  -46.166  -46.166
  -20.254  -20.254  -20.249  -20.249  -20.230  -20.230  -20.228  -20.228  -20.214  -20.214
  -20.207  -20.207  -20.199  -20.199  -20.195  -20.195  -20.174  -20.174  -20.169  -20.169
  -11.499  -11.498  -11.394  -11.394   -6.143   -6.143   -5.898   -5.898   -2.258   -2.258
   -1.960   -1.960   -1.442   -1.442   -0.966   -0.966   -0.341   -0.341    0.061    0.061
    2.304    2.304    2.918    2.918    3.933    3.933    4.251    4.251    4.521    4.521
    5.064    5.064    6.819    6.819    7.355    7.356    7.576    7.576    8.143    8.143
    8.538    8.538    9.030    9.030    9.835    9.835   10.063   10.063   10.533   10.533
   10.990   10.990   11.287   11.287   11.676   11.676   12.037   12.038   12.188   12.188
            0.500000  0.153607  0.000000
  -46.306  -46.306  -46.305  -46.304  -46.277  -46.276  -46.272  -46.272  -46.263  -46.263
  -46.219  -46.219  -46.217  -46.217  -46.182  -46.181  -46.177  -46.177  -46.166  -46.166
  -20.255  -20.255  -20.249  -20.249  -20.231  -20.230  -20.228  -20.228  -20.214  -20.214
  -20.207  -20.207  -20.199  -20.199  -20.195  -20.195  -20.174  -20.174  -20.169  -20.169
  -11.489  -11.489  -11.385  -11.385   -6.114   -6.114   -5.876   -5.876   -2.363   -2.363
   -2.067   -2.067   -1.507   -1.507   -1.051   -1.051   -0.415   -0.415    0.048    0.048
    2.390    2.390    3.092    3.092    4.003    4.003    4.416    4.416    4.671    4.671
    5.183    5.183    6.818    6.818    7.369    7.369    7.566    7.566    8.121    8.122
    8.517    8.517    8.982    8.982    9.816    9.816   10.105   10.106   10.550   10.550
   11.104   11.104   11.312   11.312   11.681   11.681   11.868   11.868   12.096   12.096
            0.500000  0.175551  0.000000
  -46.306  -46.306  -46.305  -46.304  -46.277  -46.277  -46.272  -46.272  -46.263  -46.263
  -46.219  -46.219  -46.217  -46.217  -46.182  -46.182  -46.177  -46.177  -46.166  -46.166
  -20.255  -20.255  -20.249  -20.249  -20.231  -20.231  -20.228  -20.228  -20.214  -20.214
  -20.206  -20.206  -20.199  -20.199  -20.195  -20.195  -20.174  -20.174  -20.169  -20.169
  -11.478  -11.478  -11.375  -11.375   -6.081   -6.081   -5.853   -5.853   -2.474   -2.474
   -2.172   -2.172   -1.577   -1.577   -1.143   -1.143   -0.486   -0.486    0.025    0.025
    2.501    2.501    3.284    3.284    4.052    4.052    4.562    4.562    4.817    4.817
    5.360    5.360    6.815    6.815    7.378    7.378    7.578    7.579    8.104    8.104
    8.501    8.501    8.956    8.956    9.774    9.774   10.164   10.165   10.538   10.538
   11.131   11.131   11.387   11.387   11.581   11.581   11.830   11.830   11.974   11.974
            0.500000  0.197495  0.000000
  -46.306  -46.306  -46.305  -46.304  -46.277  -46.277  -46.272  -46.272  -46.263  -46.263
  -46.219  -46.219  -46.217  -46.217  -46.182  -46.182  -46.177  -46.177  -46.166  -46.166
  -20.256  -20.256  -20.250  -20.250  -20.231  -20.231  -20.228  -20.228  -20.214  -20.214
  -20.206  -20.206  -20.200  -20.200  -20.194  -20.194  -20.174  -20.174  -20.169  -20.169
  -11.467  -11.467  -11.365  -11.365   -6.045   -6.045   -5.828   -5.828   -2.586   -2.586
   -2.273   -2.273   -1.657   -1.657   -1.240   -1.240   -0.549   -0.549   -0.002   -0.002
    2.629    2.629    3.483    3.483    4.091    4.091    4.655    4.655    4.999    4.999
    5.570    5.570    6.812    6.812    7.387    7.387    7.612    7.612    8.083    8.083
    8.501    8.502    8.951    8.951    9.720    9.720   10.223   10.223   10.513   10.513
   11.035   11.035   11.368   11.368   11.581   11.581   11.781   11.782   11.948   11.948
            0.500000  0.219439  0.000000
  -46.306  -46.306  -46.305  -46.304  -46.277  -46.277  -46.272  -46.272  -46.263  -46.263
  -46.219  -46.219  -46.217  -46.217  -46.182  -46.182  -46.177  -46.177  -46.166  -46.166
  -20.256  -20.256  -20.250  -20.250  -20.231  -20.231  -20.228  -20.228  -20.214  -20.214
  -20.206  -20.206  -20.200  -20.200  -20.194  -20.194  -20.174  -20.174  -20.169  -20.169
  -11.456  -11.456  -11.354  -11.354   -6.007   -6.007   -5.801   -5.801   -2.695   -2.695
   -2.369   -2.369   -1.746   -1.746   -1.341   -1.341   -0.601   -0.601   -0.031   -0.031
    2.766    2.766    3.678    3.678    4.131    4.131    4.718    4.718    5.201    5.201
    5.791    5.791    6.814    6.814    7.404    7.404    7.658    7.658    8.063    8.063
    8.522    8.522    8.967    8.967    9.659    9.659   10.266   10.266   10.495   10.496
   10.890   10.890   11.212   11.212   11.577   11.578   11.766   11.766   12.020   12.020
            0.500000  0.241383  0.000000
  -46.306  -46.306  -46.305  -46.304  -46.277  -46.277  -46.272  -46.272  -46.263  -46.263
  -46.219  -46.219  -46.217  -46.217  -46.182  -46.182  -46.177  -46.177  -46.166  -46.166
  -20.257  -20.256  -20.250  -20.250  -20.231  -20.231  -20.228  -20.228  -20.213  -20.213
  -20.205  -20.205  -20.200  -20.200  -20.194  -20.194  -20.174  -20.174  -20.169  -20.169
  -11.444  -11.444  -11.343  -11.343   -5.968   -5.967   -5.775   -5.775   -2.798   -2.798
   -2.458   -2.458   -1.844   -1.844   -1.443   -1.443   -0.639   -0.639   -0.058   -0.058
    2.905    2.905    3.840    3.840    4.193    4.193    4.778    4.778    5.400    5.400
    6.010    6.010    6.828    6.828    7.430    7.430    7.712    7.712    8.055    8.055
    8.560    8.560    9.000    9.000    9.589    9.590   10.274   10.274   10.493   10.494
   10.736   10.737   11.073   11.073   11.403   11.403   11.869   11.869   11.977   11.977
            0.500000  0.263327  0.000000
  -46.306  -46.306  -46.305  -46.304  -46.277  -46.277  -46.272  -46.272  -46.263  -46.263
  -46.219  -46.219  -46.217  -46.217  -46.182  -46.182  -46.177  -46.177  -46.166  -46.166
  -20.257  -20.257  -20.251  -20.251  -20.231  -20.231  -20.228  -20.228  -20.213  -20.213
  -20.205  -20.205  -20.200  -20.200  -20.194  -20.194  -20.174  -20.174  -20.169  -20.169
  -11.433  -11.433  -11.333  -11.333   -5.928   -5.927   -5.749   -5.749   -2.893   -2.893
   -2.539   -2.539   -1.944   -1.944   -1.547   -1.547   -0.665   -0.665   -0.083   -0.083
    3.039    3.039    3.929    3.929    4.313    4.313    4.841    4.841    5.581    5.581
    6.216    6.216    6.861    6.861    7.463    7.463    7.769    7.770    8.070    8.070
    8.612    8.612    9.046    9.046    9.517    9.517   10.238   10.238   10.447   10.448
   10.659   10.659   10.952   10.953   11.223   11.223   11.841   11.841   11.972   11.972
            0.500000  0.285271  0.000000
  -46.306  -46.306  -46.305  -46.304  -46.277  -46.277  -46.272  -46.272  -46.263  -46.263
  -46.219  -46.219  -46.217  -46.217  -46.182  -46.182  -46.177  -46.177  -46.166  -46.166
  -20.257  -20.257  -20.251  -20.251  -20.231  -20.231  -20.228  -20.228  -20.213  -20.213
  -20.205  -20.205  -20.200  -20.200  -20.193  -20.193  -20.174  -20.174  -20.169  -20.169
  -11.422  -11.422  -11.322  -11.322   -5.888   -5.888   -5.724   -5.724   -2.977   -2.977
   -2.612   -2.612   -2.043   -2.043   -1.650   -1.650   -0.678   -0.678   -0.107   -0.107
    3.165    3.165    3.953    3.953    4.482    4.482    4.908    4.908    5.735    5.735
    6.402    6.402    6.920    6.920    7.504    7.504    7.833    7.833    8.113    8.113
    8.671    8.671    9.099    9.099    9.449    9.449   10.143   10.144   10.340   10.340
   10.679   10.679   10.854   10.854   11.059   11.060   11.720   11.720   12.010   12.010
            0.500000  0.307215  0.000000
  -46.306  -46.306  -46.304  -46.304  -46.277  -46.277  -46.272  -46.272  -46.263  -46.263
  -46.219  -46.219  -46.217  -46.217  -46.182  -46.182  -46.177  -46.177  -46.166  -46.166
  -20.258  -20.258  -20.251  -20.251  -20.231  -20.231  -20.228  -20.228  -20.213  -20.213
  -20.205  -20.205  -20.200  -20.200  -20.193  -20.193  -20.174  -20.174  -20.169  -20.169
  -11.412  -11.412  -11.313  -11.313   -5.850   -5.850   -5.701   -5.700   -3.051   -3.051
   -2.676   -2.676   -2.135   -2.135   -1.751   -1.751   -0.682   -0.682   -0.128   -0.128
    3.280    3.280    3.946    3.946    4.661    4.661    4.975    4.975    5.856    5.856
    6.563    6.563    7.006    7.006    7.552    7.552    7.906    7.906    8.183    8.183
    8.732    8.732    9.146    9.146    9.401    9.402    9.992    9.993   10.253   10.253
   10.644   10.644   10.820   10.821   10.944   10.944   11.590   11.591   11.979   11.979
            0.500000  0.329159  0.000000
  -46.306  -46.306  -46.304  -46.304  -46.277  -46.277  -46.272  -46.272  -46.263  -46.263
  -46.219  -46.219  -46.217  -46.217  -46.182  -46.182  -46.177  -46.177  -46.166  -46.166
  -20.258  -20.258  -20.252  -20.252  -20.231  -20.231  -20.228  -20.228  -20.213  -20.213
  -20.204  -20.204  -20.200  -20.200  -20.193  -20.193  -20.174  -20.174  -20.169  -20.169
  -11.403  -11.403  -11.304  -11.304   -5.815   -5.815   -5.680   -5.680   -3.113   -3.113
   -2.732   -2.732   -2.216   -2.216   -1.847   -1.847   -0.679   -0.679   -0.147   -0.147
    3.382    3.382    3.926    3.926    4.827    4.827    5.040    5.040    5.943    5.943
    6.701    6.701    7.112    7.112    7.607    7.607    7.990    7.990    8.271    8.272
    8.787    8.787    9.168    9.168    9.398    9.398    9.824    9.824   10.176   10.176
   10.524   10.525   10.783   10.784   10.949   10.949   11.448   11.448   11.852   11.852
            0.500000  0.351103  0.000000
  -46.306  -46.306  -46.304  -46.304  -46.277  -46.277  -46.272  -46.272  -46.263  -46.263
  -46.219  -46.219  -46.217  -46.217  -46.182  -46.182  -46.177  -46.177  -46.166  -46.166
  -20.258  -20.258  -20.252  -20.252  -20.231  -20.231  -20.228  -20.228  -20.213  -20.213
  -20.204  -20.204  -20.200  -20.200  -20.193  -20.193  -20.174  -20.174  -20.169  -20.169
  -11.395  -11.395  -11.297  -11.297   -5.783   -5.783   -5.662   -5.662   -3.162   -3.162
   -2.779   -2.779   -2.283   -2.283   -1.933   -1.933   -0.673   -0.673   -0.163   -0.163
    3.470    3.470    3.901    3.901    4.969    4.969    5.099    5.100    6.002    6.002
    6.819    6.819    7.227    7.227    7.664    7.664    8.083    8.083    8.374    8.374
    8.823    8.823    9.173    9.173    9.423    9.423    9.674    9.675   10.096   10.096
   10.394   10.394   10.716   10.716   11.019   11.019   11.289   11.289   11.688   11.688
            0.500000  0.373046  0.000000
  -46.306  -46.306  -46.304  -46.304  -46.277  -46.277  -46.272  -46.272  -46.263  -46.263
  -46.219  -46.219  -46.217  -46.217  -46.182  -46.182  -46.177  -46.177  -46.166  -46.166
  -20.259  -20.259  -20.252  -20.252  -20.231  -20.231  -20.228  -20.228  -20.213  -20.213
  -20.204  -20.204  -20.200  -20.200  -20.193  -20.193  -20.174  -20.174  -20.169  -20.169
  -11.389  -11.389  -11.291  -11.291   -5.757   -5.757   -5.648   -5.648   -3.200   -3.200
   -2.817   -2.817   -2.333   -2.333   -2.007   -2.007   -0.664   -0.664   -0.177   -0.177
    3.544    3.544    3.873    3.873    5.078    5.078    5.153    5.153    6.041    6.041
    6.919    6.919    7.335    7.335    7.714    7.715    8.182    8.183    8.486    8.486
    8.823    8.823    9.197    9.197    9.381    9.381    9.618    9.618   10.012   10.012
   10.282   10.282   10.659   10.659   11.062   11.063   11.138   11.138   11.558   11.558
            0.500000  0.394990  0.000000
  -46.306  -46.306  -46.304  -46.304  -46.277  -46.277  -46.272  -46.272  -46.263  -46.263
  -46.219  -46.219  -46.217  -46.217  -46.182  -46.182  -46.177  -46.177  -46.166  -46.166
  -20.259  -20.259  -20.252  -20.252  -20.231  -20.231  -20.228  -20.228  -20.213  -20.213
  -20.204  -20.204  -20.200  -20.200  -20.193  -20.193  -20.174  -20.174  -20.169  -20.169
  -11.384  -11.384  -11.287  -11.287   -5.738   -5.738   -5.638   -5.638   -3.226   -3.226
   -2.846   -2.846   -2.366   -2.366   -2.065   -2.065   -0.657   -0.657   -0.188   -0.188
    3.603    3.603    3.846    3.846    5.149    5.149    5.200    5.200    6.065    6.065
    6.998    6.998    7.423    7.423    7.752    7.752    8.283    8.283    8.599    8.599
    8.791    8.791    9.218    9.218    9.291    9.291    9.634    9.634    9.946    9.946
   10.192   10.193   10.628   10.628   10.947   10.947   11.103   11.103   11.511   11.511
            0.500000  0.416934  0.000000
  -46.306  -46.306  -46.304  -46.304  -46.277  -46.277  -46.272  -46.272  -46.263  -46.263
  -46.219  -46.219  -46.217  -46.217  -46.182  -46.182  -46.177  -46.177  -46.166  -46.166
  -20.259  -20.259  -20.252  -20.252  -20.231  -20.231  -20.228  -20.228  -20.213  -20.213
  -20.204  -20.204  -20.200  -20.200  -20.193  -20.193  -20.174  -20.174  -20.169  -20.169
  -11.381  -11.381  -11.284  -11.284   -5.725   -5.725   -5.631   -5.631   -3.242   -3.242
   -2.864   -2.864   -2.385   -2.385   -2.102   -2.102   -0.651   -0.651   -0.195   -0.195
    3.644    3.644    3.823    3.823    5.188    5.188    5.232    5.232    6.080    6.080
    7.049    7.050    7.480    7.480    7.775    7.775    8.373    8.373    8.664    8.664
    8.790    8.790    9.098    9.099    9.355    9.355    9.603    9.603    9.951    9.951
   10.110   10.111   10.641   10.641   10.813   10.813   11.068   11.069   11.544   11.544
            0.500000  0.438878  0.000000
  -46.306  -46.306  -46.304  -46.304  -46.277  -46.277  -46.272  -46.272  -46.263  -46.263
  -46.219  -46.219  -46.217  -46.217  -46.182  -46.182  -46.177  -46.177  -46.166  -46.166
  -20.259  -20.259  -20.252  -20.252  -20.231  -20.231  -20.228  -20.228  -20.213  -20.213
  -20.204  -20.204  -20.200  -20.200  -20.193  -20.193  -20.174  -20.174  -20.169  -20.169
  -11.380  -11.380  -11.283  -11.283   -5.721   -5.721   -5.629   -5.629   -3.247   -3.247
   -2.870   -2.870   -2.390   -2.390   -2.115   -2.115   -0.649   -0.649   -0.197   -0.197
    3.660    3.660    3.813    3.813    5.200    5.200    5.243    5.243    6.085    6.085
    7.067    7.067    7.500    7.500    7.782    7.782    8.416    8.416    8.653    8.653
    8.845    8.845    9.017    9.017    9.409    9.409    9.558    9.558    9.998    9.998
   10.047   10.047   10.686   10.686   10.725   10.725   11.050   11.050   11.578   11.579
            0.475000  0.416934  0.000000
  -46.306  -46.306  -46.305  -46.304  -46.277  -46.277  -46.272  -46.272  -46.263  -46.263
  -46.219  -46.219  -46.217  -46.217  -46.182  -46.182  -46.177  -46.177  -46.166  -46.166
  -20.259  -20.259  -20.252  -20.252  -20.231  -20.231  -20.229  -20.228  -20.213  -20.212
  -20.204  -20.204  -20.200  -20.199  -20.193  -20.192  -20.174  -20.174  -20.170  -20.169
  -11.396  -11.373  -11.287  -11.287   -5.771   -5.687   -5.635   -5.620   -3.277   -3.216
   -2.883   -2.845   -2.400   -2.354   -2.102   -2.040   -0.682   -0.628   -0.195   -0.189
    3.583    3.664    3.788    3.905    5.154    5.194    5.210    5.254    6.067    6.097
    7.002    7.081    7.442    7.480    7.748    7.768    8.251    8.408    8.568    8.651
    8.812    8.869    9.032    9.210    9.247    9.466    9.548    9.657    9.849   10.027
   10.120   10.237   10.580   10.697   10.722   10.933   11.016   11.142   11.426   11.606
            0.450000  0.394990  0.000000
  -46.306  -46.306  -46.305  -46.304  -46.277  -46.277  -46.272  -46.272  -46.263  -46.263
  -46.219  -46.219  -46.217  -46.217  -46.182  -46.182  -46.177  -46.177  -46.166  -46.166
  -20.259  -20.258  -20.252  -20.252  -20.232  -20.231  -20.229  -20.229  -20.213  -20.212
  -20.204  -20.204  -20.200  -20.199  -20.193  -20.192  -20.175  -20.174  -20.170  -20.168
  -11.420  -11.376  -11.296  -11.295   -5.832   -5.671   -5.643   -5.597   -3.319   -3.157
   -2.922   -2.773   -2.389   -2.256   -2.058   -1.868   -0.741   -0.597   -0.195   -0.162
    3.427    3.677    3.812    4.004    5.061    5.090    5.170    5.271    6.022    6.114
    6.864    7.051    7.308    7.415    7.675    7.720    8.010    8.215    8.506    8.601
    8.840    8.922    9.043    9.134    9.279    9.536    9.654    9.685    9.913   10.047
   10.278   10.466   10.551   10.723   10.764   10.922   11.237   11.255   11.354   11.629
            0.425000  0.373046  0.000000
  -46.306  -46.306  -46.305  -46.304  -46.277  -46.277  -46.272  -46.272  -46.263  -46.263
  -46.219  -46.219  -46.217  -46.217  -46.182  -46.182  -46.177  -46.177  -46.166  -46.166
  -20.259  -20.257  -20.251  -20.251  -20.232  -20.231  -20.229  -20.229  -20.214  -20.212
  -20.204  -20.204  -20.200  -20.198  -20.194  -20.191  -20.175  -20.175  -20.171  -20.168
  -11.458  -11.395  -11.306  -11.301   -5.900   -5.667   -5.655   -5.566   -3.355   -3.083
   -2.953   -2.658   -2.364   -2.104   -1.973   -1.654   -0.815   -0.547   -0.203   -0.114
    3.239    3.702    3.853    4.087    4.868    4.956    5.126    5.292    5.939    6.116
    6.653    6.960    7.180    7.311    7.547    7.665    7.800    7.993    8.419    8.621
    8.796    8.850    9.043    9.160    9.290    9.538    9.700    9.924   10.079   10.127
   10.305   10.548   10.708   10.751   10.881   10.908   11.243   11.376   11.600   11.656
            0.400000  0.351103  0.000000
  -46.306  -46.306  -46.305  -46.304  -46.277  -46.277  -46.272  -46.272  -46.263  -46.263
  -46.219  -46.219  -46.217  -46.217  -46.182  -46.182  -46.177  -46.177  -46.166  -46.166
  -20.258  -20.256  -20.251  -20.251  -20.233  -20.231  -20.230  -20.229  -20.214  -20.211
  -20.205  -20.204  -20.201  -20.198  -20.194  -20.191  -20.175  -20.175  -20.171  -20.168
  -11.509  -11.434  -11.315  -11.300   -5.972   -5.682   -5.650   -5.529   -3.370   -3.065
   -2.889   -2.510   -2.330   -1.968   -1.812   -1.427   -0.881   -0.476   -0.223   -0.044
    3.031    3.735    3.900    4.145    4.592    4.813    5.058    5.315    5.802    6.073
    6.375    6.872    7.071    7.195    7.361    7.494    7.745    7.849    8.295    8.624
    8.698    8.856    8.983    9.232    9.392    9.581    9.734   10.091   10.106   10.203
   10.362   10.602   10.725   10.786   10.997   11.160   11.289   11.333   11.576   11.732
            0.375000  0.329159  0.000000
  -46.306  -46.306  -46.305  -46.304  -46.277  -46.277  -46.272  -46.272  -46.263  -46.263
  -46.219  -46.219  -46.217  -46.217  -46.182  -46.182  -46.177  -46.177  -46.166  -46.166
  -20.257  -20.255  -20.250  -20.250  -20.234  -20.232  -20.231  -20.230  -20.214  -20.211
  -20.205  -20.204  -20.201  -20.197  -20.194  -20.190  -20.176  -20.175  -20.172  -20.168
  -11.573  -11.488  -11.322  -11.295   -6.043   -5.708   -5.629   -5.485   -3.360   -3.073
   -2.757   -2.358   -2.277   -1.853   -1.599   -1.212   -0.910   -0.385   -0.243    0.048
    2.817    3.752    3.954    4.167    4.299    4.639    4.945    5.338    5.612    6.005
    6.056    6.830    6.958    7.086    7.169    7.295    7.666    7.832    8.183    8.544
    8.661    8.903    8.998    9.334    9.449    9.661    9.780   10.009   10.113   10.214
   10.426   10.646   10.732   10.902   10.905   11.104   11.385   11.432   11.602   11.805
            0.350000  0.307215  0.000000
  -46.306  -46.306  -46.305  -46.304  -46.277  -46.277  -46.272  -46.272  -46.263  -46.263
  -46.219  -46.219  -46.217  -46.217  -46.182  -46.182  -46.177  -46.177  -46.166  -46.166
  -20.256  -20.253  -20.249  -20.249  -20.235  -20.232  -20.232  -20.231  -20.215  -20.211
  -20.206  -20.204  -20.201  -20.196  -20.194  -20.190  -20.176  -20.175  -20.173  -20.168
  -11.646  -11.553  -11.328  -11.288   -6.110   -5.736   -5.593   -5.431   -3.326   -3.063
   -2.613   -2.292   -2.143   -1.734   -1.383   -1.042   -0.857   -0.323   -0.201    0.157
    2.617    3.685    4.008    4.066    4.158    4.439    4.757    5.347    5.434    5.707
    5.979    6.725    6.831    6.927    7.099    7.172    7.547    7.796    8.188    8.415
    8.689    8.976    9.044    9.430    9.497    9.723    9.777    9.904   10.103   10.200
   10.331   10.528   10.648   10.790   10.937   11.237   11.444   11.473   11.678   11.889
            0.325000  0.285271  0.000000
  -46.306  -46.306  -46.305  -46.304  -46.277  -46.277  -46.272  -46.272  -46.263  -46.263
  -46.219  -46.219  -46.217  -46.217  -46.182  -46.182  -46.177  -46.177  -46.166  -46.166
  -20.255  -20.252  -20.248  -20.248  -20.235  -20.233  -20.232  -20.232  -20.215  -20.210
  -20.206  -20.204  -20.202  -20.196  -20.194  -20.189  -20.177  -20.176  -20.173  -20.168
  -11.726  -11.626  -11.333  -11.281   -6.169   -5.764   -5.542   -5.364   -3.270   -3.028
   -2.480   -2.271   -1.996   -1.600   -1.187   -0.904   -0.734   -0.320   -0.055    0.267
    2.457    3.473    3.958    4.016    4.133    4.242    4.499    5.237    5.375    5.442
    5.960    6.548    6.673    6.753    6.963    7.277    7.407    7.743    8.286    8.301
    8.727    9.048    9.090    9.457    9.539    9.670    9.742    9.854   10.078   10.093
   10.171   10.419   10.560   10.805   11.073   11.253   11.324   11.477   11.732   11.963
            0.300000  0.263327  0.000000
  -46.306  -46.306  -46.305  -46.304  -46.277  -46.277  -46.272  -46.272  -46.263  -46.263
  -46.219  -46.219  -46.217  -46.217  -46.182  -46.182  -46.177  -46.177  -46.166  -46.166
  -20.254  -20.250  -20.247  -20.246  -20.236  -20.234  -20.233  -20.232  -20.215  -20.210
  -20.207  -20.204  -20.202  -20.195  -20.194  -20.189  -20.177  -20.176  -20.174  -20.169
  -11.810  -11.703  -11.339  -11.273   -6.216   -5.786   -5.474   -5.285   -3.195   -2.971
   -2.410   -2.230   -1.874   -1.464   -1.015   -0.739   -0.615   -0.296    0.116    0.351
    2.371    3.234    3.851    3.902    3.990    4.176    4.310    5.060    5.219    5.439
    5.943    6.355    6.503    6.577    6.838    7.264    7.377    7.785    8.177    8.418
    8.762    9.061    9.137    9.391    9.418    9.575    9.684    9.818   10.007   10.034
   10.172   10.398   10.616   10.800   11.052   11.177   11.383   11.454   11.619   11.838
            0.275000  0.241383  0.000000
  -46.306  -46.306  -46.305  -46.304  -46.277  -46.277  -46.272  -46.272  -46.263  -46.263
  -46.219  -46.219  -46.217  -46.217  -46.182  -46.182  -46.177  -46.177  -46.166  -46.166
  -20.253  -20.249  -20.247  -20.245  -20.237  -20.235  -20.234  -20.233  -20.215  -20.211
  -20.208  -20.205  -20.202  -20.194  -20.193  -20.188  -20.178  -20.177  -20.175  -20.169
  -11.896  -11.782  -11.345  -11.266   -6.249   -5.801   -5.389   -5.191   -3.105   -2.895
   -2.437   -2.133   -1.763   -1.354   -0.868   -0.559   -0.520   -0.225    0.255    0.403
    2.381    3.056    3.641    3.735    3.780    4.070    4.352    4.901    5.126    5.454
    5.906    6.175    6.334    6.390    6.719    7.144    7.390    7.957    8.090    8.488
    8.779    8.967    9.132    9.172    9.336    9.468    9.626    9.870   10.010   10.055
   10.202   10.409   10.657   10.841   10.956   11.129   11.364   11.537   11.559   11.670
            0.250000  0.219439  0.000000
  -46.306  -46.306  -46.305  -46.304  -46.277  -46.277  -46.272  -46.272  -46.263  -46.263
  -46.219  -46.219  -46.217  -46.217  -46.182  -46.182  -46.177  -46.177  -46.166  -46.166
  -20.252  -20.248  -20.246  -20.244  -20.238  -20.236  -20.235  -20.234  -20.215  -20.211
  -20.209  -20.205  -20.203  -20.194  -20.193  -20.187  -20.179  -20.177  -20.175  -20.169
  -11.981  -11.861  -11.351  -11.260   -6.265   -5.804   -5.288   -5.083   -3.007   -2.804
   -2.500   -2.031   -1.651   -1.285   -0.763   -0.526   -0.328   -0.109    0.287    0.476
    2.461    2.978    3.418    3.483    3.665    4.008    4.392    4.837    5.055    5.445
    5.831    6.028    6.168    6.211    6.600    7.052    7.377    7.919    8.280    8.464
    8.728    8.828    8.911    9.075    9.293    9.453    9.637    9.826   10.116   10.156
   10.233   10.383   10.683   10.881   10.909   11.116   11.275   11.484   11.623   11.704
            0.225000  0.197495  0.000000
  -46.306  -46.306  -46.305  -46.304  -46.277  -46.277  -46.272  -46.272  -46.263  -46.263
  -46.219  -46.219  -46.217  -46.217  -46.182  -46.182  -46.177  -46.177  -46.166  -46.166
  -20.251  -20.248  -20.245  -20.243  -20.238  -20.236  -20.236  -20.235  -20.215  -20.211
  -20.210  -20.205  -20.203  -20.193  -20.193  -20.186  -20.179  -20.178  -20.175  -20.169
  -12.063  -11.938  -11.359  -11.256   -6.265   -5.795   -5.172   -4.962   -2.916   -2.710
   -2.550   -1.956   -1.535   -1.233   -0.721   -0.583   -0.153    0.022    0.281    0.545
    2.533    2.982    3.267    3.292    3.638    3.965    4.380    4.872    4.994    5.391
    5.714    5.898    6.018    6.085    6.484    6.983    7.368    7.807    8.352    8.444
    8.588    8.702    8.824    8.951    9.298    9.459    9.706    9.797   10.117   10.217
   10.368   10.452   10.661   10.801   10.975   11.196   11.205   11.505   11.607   11.655
            0.200000  0.175551  0.000000
  -46.306  -46.306  -46.305  -46.304  -46.277  -46.277  -46.272  -46.272  -46.263  -46.263
  -46.219  -46.219  -46.217  -46.217  -46.182  -46.182  -46.177  -46.177  -46.166  -46.166
  -20.251  -20.249  -20.244  -20.242  -20.238  -20.237  -20.236  -20.236  -20.215  -20.212
  -20.211  -20.204  -20.203  -20.192  -20.192  -20.185  -20.180  -20.178  -20.176  -20.170
  -12.141  -12.011  -11.367  -11.252   -6.249   -5.773   -5.043   -4.830   -2.875   -2.630
   -2.525   -1.918   -1.416   -1.173   -0.768   -0.699   -0.052    0.116    0.309    0.596
    2.531    2.956    3.166    3.372    3.683    3.967    4.340    4.928    4.975    5.294
    5.582    5.740    5.905    6.038    6.382    6.926    7.364    7.696    8.199    8.350
    8.412    8.584    8.778    9.032    9.330    9.543    9.667    9.876   10.112   10.184
   10.501   10.565   10.623   10.847   11.019   11.158   11.345   11.468   11.603   11.721
            0.175000  0.153607  0.000000
  -46.306  -46.306  -46.305  -46.305  -46.277  -46.277  -46.272  -46.272  -46.263  -46.263
  -46.219  -46.219  -46.217  -46.217  -46.182  -46.182  -46.177  -46.177  -46.166  -46.166
  -20.252  -20.249  -20.243  -20.241  -20.239  -20.237  -20.236  -20.236  -20.215  -20.213
  -20.211  -20.204  -20.203  -20.192  -20.191  -20.185  -20.180  -20.178  -20.176  -20.170
  -12.212  -12.078  -11.376  -11.249   -6.218   -5.740   -4.903   -4.689   -2.908   -2.536
   -2.432   -1.917   -1.298   -1.105   -0.915   -0.822   -0.033    0.148    0.355    0.637
    2.480    2.943    3.176    3.596    3.703    4.061    4.294    4.886    5.084    5.188
    5.470    5.604    5.810    6.027    6.309    6.878    7.358    7.588    8.032    8.171
    8.274    8.495    8.675    9.120    9.346    9.641    9.723   10.014   10.042   10.190
   10.495   10.635   10.752   10.892   10.993   11.231   11.491   11.521   11.651   11.801
            0.150000  0.131663  0.000000
  -46.306  -46.306  -46.305  -46.305  -46.277  -46.276  -46.272  -46.272  -46.263  -46.263
  -46.219  -46.219  -46.217  -46.217  -46.182  -46.182  -46.177  -46.177  -46.166  -46.166
  -20.253  -20.250  -20.243  -20.241  -20.239  -20.238  -20.236  -20.235  -20.215  -20.213
  -20.211  -20.204  -20.203  -20.191  -20.191  -20.184  -20.181  -20.178  -20.176  -20.170
  -12.276  -12.139  -11.384  -11.247   -6.175   -5.696   -4.755   -4.543   -2.972   -2.423
   -2.334   -1.938   -1.194   -1.167   -0.981   -0.936   -0.088    0.124    0.383    0.669
    2.413    3.031    3.285    3.649    3.860    4.148    4.258    4.857    5.131    5.166
    5.441    5.529    5.745    6.005    6.270    6.838    7.352    7.481    7.877    8.004
    8.167    8.410    8.660    9.095    9.286    9.673    9.828   10.046   10.122   10.293
   10.560   10.597   10.802   10.953   11.068   11.261   11.464   11.639   11.788   11.932
            0.125000  0.109720  0.000000
  -46.306  -46.306  -46.305  -46.305  -46.277  -46.276  -46.272  -46.272  -46.263  -46.263
  -46.219  -46.219  -46.217  -46.217  -46.182  -46.182  -46.177  -46.177  -46.166  -46.166
  -20.254  -20.250  -20.242  -20.241  -20.240  -20.238  -20.235  -20.235  -20.215  -20.214
  -20.212  -20.204  -20.203  -20.191  -20.190  -20.184  -20.182  -20.178  -20.176  -20.170
  -12.332  -12.192  -11.392  -11.247   -6.124   -5.646   -4.604   -4.395   -3.038   -2.322
   -2.256   -1.949   -1.355   -1.200   -1.024   -0.856   -0.201    0.037    0.411    0.700
    2.339    3.209    3.410    3.684    3.973    4.144    4.245    4.855    5.135    5.205
    5.426    5.632    5.744    5.970    6.249    6.805    7.354    7.375    7.759    7.864
    8.106    8.350    8.685    9.026    9.236    9.632    9.870   10.064   10.196   10.388
   10.519   10.772   10.814   10.965   11.130   11.196   11.481   11.766   11.839   12.088
            0.100000  0.087776  0.000000
  -46.306  -46.306  -46.305  -46.305  -46.277  -46.276  -46.272  -46.272  -46.263  -46.263
  -46.219  -46.219  -46.217  -46.217  -46.182  -46.182  -46.177  -46.177  -46.166  -46.166
  -20.255  -20.251  -20.242  -20.241  -20.240  -20.238  -20.235  -20.234  -20.215  -20.215
  -20.212  -20.205  -20.203  -20.190  -20.190  -20.183  -20.182  -20.178  -20.176  -20.171
  -12.379  -12.236  -11.400  -11.246   -6.069   -5.593   -4.458   -4.251   -3.096   -2.297
   -2.172   -1.928   -1.526   -1.352   -0.942   -0.761   -0.337   -0.100    0.448    0.733
    2.270    3.349    3.504    3.844    3.951    4.084    4.258    4.879    5.080    5.340
    5.444    5.657    5.929    5.976    6.233    6.773    7.272    7.391    7.693    7.766
    8.089    8.331    8.703    8.940    9.241    9.585    9.887   10.003   10.201   10.432
   10.524   10.641   10.883   10.952   11.219   11.304   11.495   11.771   11.846   11.941
            0.075000  0.065832  0.000000
  -46.306  -46.306  -46.305  -46.305  -46.277  -46.276  -46.272  -46.272  -46.263  -46.263
  -46.219  -46.219  -46.217  -46.217  -46.182  -46.181  -46.177  -46.177  -46.166  -46.166
  -20.255  -20.251  -20.242  -20.241  -20.241  -20.238  -20.234  -20.234  -20.216  -20.215
  -20.211  -20.205  -20.203  -20.190  -20.189  -20.183  -20.182  -20.178  -20.176  -20.171
  -12.416  -12.272  -11.406  -11.246   -6.017   -5.543   -4.326   -4.120   -3.144   -2.338
   -2.088   -1.895   -1.650   -1.499   -0.859   -0.687   -0.458   -0.251    0.487    0.763
    2.214    3.338    3.658    3.878    3.936    4.107    4.320    4.930    5.032    5.304
    5.636    5.687    5.884    6.207    6.257    6.737    7.197    7.454    7.684    7.727
    8.102    8.362    8.701    8.864    9.291    9.547    9.862    9.961   10.031   10.351
   10.507   10.634   10.797   11.026   11.175   11.311   11.418   11.655   11.892   11.954
            0.050000  0.043888  0.000000
  -46.306  -46.306  -46.305  -46.305  -46.277  -46.276  -46.272  -46.272  -46.263  -46.263
  -46.219  -46.219  -46.217  -46.217  -46.182  -46.181  -46.177  -46.177  -46.166  -46.166
  -20.256  -20.252  -20.243  -20.241  -20.241  -20.237  -20.234  -20.233  -20.216  -20.216
  -20.211  -20.205  -20.203  -20.190  -20.189  -20.183  -20.183  -20.177  -20.176  -20.171
  -12.443  -12.297  -11.411  -11.247   -5.973   -5.502   -4.220   -4.009   -3.180   -2.393
   -2.039   -1.885   -1.705   -1.608   -0.793   -0.675   -0.513   -0.384    0.520    0.786
    2.174    3.302    3.698    3.825    3.939    4.179    4.474    4.969    5.048    5.262
    5.607    5.831    5.909    6.191    6.469    6.702    7.152    7.508    7.735    7.755
    8.140    8.433    8.696    8.808    9.354    9.507    9.766    9.848    9.958   10.210
   10.413   10.573   10.817   10.901   11.082   11.299   11.455   11.566   11.881   12.041
            0.025000  0.021944  0.000000
  -46.306  -46.306  -46.305  -46.305  -46.277  -46.276  -46.272  -46.272  -46.263  -46.263
  -46.219  -46.219  -46.217  -46.217  -46.182  -46.181  -46.177  -46.177  -46.166  -46.166
  -20.257  -20.252  -20.243  -20.242  -20.240  -20.237  -20.234  -20.233  -20.216  -20.216
  -20.211  -20.205  -20.203  -20.190  -20.189  -20.183  -20.183  -20.177  -20.176  -20.171
  -12.459  -12.313  -11.414  -11.247   -5.943   -5.474   -4.150   -3.933   -3.204   -2.436
   -2.039   -1.871   -1.745   -1.645   -0.750   -0.716   -0.502   -0.473    0.541    0.801
    2.150    3.275    3.667    3.775    3.975    4.218    4.614    4.954    5.148    5.231
    5.577    5.788    6.047    6.167    6.601    6.673    7.134    7.526    7.789    7.838
    8.189    8.518    8.708    8.774    9.387    9.475    9.599    9.790    9.918   10.137
   10.338   10.459   10.676   10.787   11.166   11.313   11.534   11.675   11.748   11.842
            0.000000  0.000000  0.000000
  -46.306  -46.306  -46.305  -46.305  -46.277  -46.276  -46.272  -46.272  -46.263  -46.263
  -46.219  -46.219  -46.217  -46.217  -46.182  -46.181  -46.178  -46.177  -46.166  -46.166
  -20.257  -20.252  -20.243  -20.242  -20.240  -20.237  -20.233  -20.233  -20.216  -20.216
  -20.211  -20.205  -20.203  -20.190  -20.189  -20.183  -20.183  -20.177  -20.176  -20.171
  -12.465  -12.318  -11.415  -11.247   -5.933   -5.465   -4.126   -3.905   -3.213   -2.452
   -2.048   -1.857   -1.772   -1.646   -0.736   -0.733   -0.511   -0.487    0.548    0.806
    2.142    3.264    3.652    3.756    3.986    4.233    4.666    4.947    5.201    5.219
    5.561    5.770    6.094    6.156    6.644    6.661    7.131    7.529    7.815    7.876
    8.212    8.569    8.692    8.786    9.367    9.472    9.534    9.783    9.885   10.109
   10.295   10.477   10.552   10.745   11.267   11.327   11.484   11.705   11.750   11.885
