 &plot nbnd= 100, nks=   101 /
            0.000000  0.000000  0.000000
  -13.664  -13.652  -13.644  -13.638  -13.632  -13.629  -13.627  -13.623  -13.613  -13.612
  -13.604  -13.596  -13.594  -13.593  -13.576  -13.571  -13.564  -13.563  -13.559  -13.553
   -6.074   -5.827   -4.844   -4.475    0.375    1.231    2.249    2.951    2.980    3.981
    4.297    4.345    4.354    4.646    5.421    5.529    5.802    6.544    6.760    7.276
    8.732   10.294   10.425   10.469   10.773   11.329   11.348   12.383   12.629   13.036
   13.052   13.682   13.841   14.422   14.773   15.050   15.186   15.928   16.083   16.196
   16.397   16.629   16.662   16.778   17.627   17.705   17.940   18.372   18.483   18.924
   18.991   19.333   20.183   20.362   20.678   20.869   21.826   21.882   22.739   22.825
   22.886   24.060   24.095   24.414   24.528   24.536   25.109   25.165   25.318   25.457
   25.850   25.944   26.706   26.806   26.889   27.159   27.183   27.364   27.712   27.910
            0.025000  0.000000  0.000000
  -13.664  -13.652  -13.644  -13.637  -13.632  -13.629  -13.627  -13.623  -13.613  -13.612
  -13.605  -13.597  -13.594  -13.593  -13.576  -13.571  -13.564  -13.563  -13.559  -13.553
   -6.070   -5.823   -4.842   -4.474    0.372    1.225    2.249    2.948    2.961    3.985
    4.301    4.302    4.396    4.638    5.422    5.531    5.796    6.555    6.760    7.274
    8.737   10.307   10.443   10.479   10.748   11.325   11.336   12.333   12.594   13.066
   13.069   13.688   13.817   14.415   14.731   14.991   15.153   15.916   16.101   16.220
   16.413   16.663   16.692   16.831   17.651   17.737   17.907   18.410   18.524   18.924
   18.975   19.431   20.142   20.196   20.721   21.054   21.611   22.099   22.768   22.796
   22.859   24.003   24.110   24.411   24.445   24.570   25.114   25.246   25.293   25.453
   25.941   25.950   26.702   26.804   26.921   27.142   27.202   27.307   27.712   27.904
            0.050000  0.000000  0.000000
  -13.664  -13.652  -13.644  -13.637  -13.633  -13.629  -13.627  -13.624  -13.613  -13.612
  -13.605  -13.597  -13.594  -13.593  -13.576  -13.571  -13.565  -13.563  -13.559  -13.553
   -6.058   -5.812   -4.837   -4.472    0.361    1.206    2.248    2.906    2.939    3.999
    4.254    4.311    4.441    4.617    5.425    5.536    5.780    6.590    6.761    7.269
    8.752   10.347   10.497   10.507   10.666   11.270   11.356   12.209   12.493   13.109
   13.133   13.711   13.748   14.389   14.611   14.845   15.064   15.898   16.151   16.289
   16.460   16.668   16.852   16.946   17.721   17.835   17.846   18.522   18.640   18.812
   19.107   19.629   19.932   20.026   20.847   21.376   21.381   22.329   22.714   22.773
   22.856   23.858   24.153   24.307   24.365   24.673   25.130   25.135   25.441   25.566
   25.933   26.153   26.696   26.799   27.005   27.006   27.231   27.320   27.712   27.888
            0.075000  0.000000  0.000000
  -13.663  -13.651  -13.643  -13.636  -13.633  -13.630  -13.628  -13.624  -13.612  -13.612
  -13.605  -13.598  -13.594  -13.594  -13.576  -13.570  -13.565  -13.563  -13.559  -13.553
   -6.039   -5.794   -4.827   -4.468    0.344    1.175    2.243    2.818    2.926    4.022
    4.207    4.327    4.485    4.585    5.431    5.543    5.757    6.644    6.762    7.258
    8.777   10.408   10.521   10.543   10.581   11.208   11.391   12.049   12.345   13.146
   13.199   13.647   13.762   14.335   14.432   14.667   14.942   15.893   16.226   16.389
   16.529   16.684   17.028   17.059   17.838   17.846   17.998   18.697   18.703   18.817
   19.292   19.696   19.862   19.874   21.041   21.153   21.733   22.519   22.588   22.627
   23.006   23.666   24.211   24.224   24.238   24.837   25.082   25.156   25.419   25.876
   25.934   26.377   26.693   26.792   26.833   27.130   27.163   27.476   27.715   27.881
            0.100000  0.000000  0.000000
  -13.661  -13.651  -13.641  -13.636  -13.633  -13.631  -13.629  -13.625  -13.612  -13.611
  -13.605  -13.598  -13.594  -13.593  -13.576  -13.570  -13.566  -13.563  -13.559  -13.553
   -6.012   -5.769   -4.814   -4.463    0.320    1.133    2.232    2.701    2.914    4.053
    4.163    4.350    4.529    4.545    5.441    5.552    5.730    6.714    6.763    7.241
    8.811   10.323   10.480   10.576   10.685   11.146   11.444   11.882   12.167   13.166
   13.239   13.528   13.845   14.217   14.249   14.502   14.807   15.898   16.319   16.473
   16.609   16.755   17.007   17.281   17.978   17.998   18.217   18.554   18.940   19.041
   19.513   19.571   19.680   20.125   20.944   21.290   22.071   22.425   22.441   22.648
   23.216   23.450   24.045   24.178   24.321   25.048   25.092   25.192   25.392   25.890
   26.237   26.594   26.686   26.695   26.786   27.082   27.272   27.564   27.725   27.962
            0.125000  0.000000  0.000000
  -13.660  -13.650  -13.640  -13.635  -13.633  -13.632  -13.629  -13.625  -13.612  -13.611
  -13.605  -13.599  -13.594  -13.593  -13.577  -13.569  -13.567  -13.562  -13.558  -13.553
   -5.977   -5.738   -4.798   -4.457    0.290    1.080    2.209    2.559    2.906    4.094
    4.124    4.378    4.501    4.573    5.454    5.560    5.707    6.763    6.796    7.215
    8.854   10.087   10.548   10.586   10.797   11.077   11.517   11.727   11.980   13.167
   13.237   13.405   13.956   13.990   14.138   14.388   14.675   15.899   16.423   16.491
   16.691   16.921   16.928   17.498   18.201   18.209   18.357   18.466   19.219   19.300
   19.516   19.572   19.762   20.390   20.758   21.576   22.162   22.186   22.507   22.723
   23.227   23.461   23.822   24.205   24.440   25.137   25.236   25.236   25.420   25.859
   26.545   26.590   26.703   26.791   26.817   26.987   27.401   27.509   27.764   27.956
            0.150000  0.000000  0.000000
  -13.658  -13.649  -13.638  -13.636  -13.633  -13.632  -13.630  -13.626  -13.611  -13.611
  -13.605  -13.600  -13.594  -13.593  -13.577  -13.568  -13.568  -13.562  -13.558  -13.553
   -5.935   -5.699   -4.780   -4.452    0.254    1.018    2.170    2.398    2.908    4.093
    4.142    4.412    4.460    4.618    5.471    5.562    5.694    6.761    6.886    7.180
    8.905    9.833   10.554   10.595   10.898   10.994   11.599   11.605   11.806   13.152
   13.187   13.285   13.781   14.019   14.092   14.349   14.555   15.878   16.477   16.531
   16.770   16.834   17.172   17.686   18.116   18.439   18.482   18.703   19.426   19.523
   19.584   19.687   20.035   20.606   20.660   21.879   21.933   21.972   22.757   22.820
   23.008   23.593   23.713   24.277   24.569   25.199   25.257   25.287   25.632   25.816
   26.554   26.650   26.725   26.882   26.959   27.043   27.380   27.467   27.754   27.865
            0.175000  0.000000  0.000000
  -13.656  -13.648  -13.637  -13.636  -13.634  -13.631  -13.630  -13.627  -13.611  -13.610
  -13.605  -13.601  -13.594  -13.592  -13.578  -13.570  -13.568  -13.561  -13.558  -13.553
   -5.886   -5.655   -4.760   -4.447    0.213    0.949    2.110    2.223    2.925    4.071
    4.198    4.423    4.451    4.663    5.491    5.555    5.698    6.757    6.980    7.134
    8.963    9.571   10.471   10.598   10.893   10.966   11.499   11.617   11.750   13.104
   13.117   13.145   13.644   13.912   14.257   14.385   14.454   15.822   16.459   16.638
   16.784   16.841   17.451   17.801   17.864   18.703   18.766   18.893   19.461   19.840
   19.878   19.887   20.326   20.508   20.932   21.660   21.755   22.210   22.758   22.806
   23.132   23.377   23.948   24.382   24.679   25.260   25.263   25.355   25.759   25.847
   26.570   26.631   26.770   26.806   27.065   27.234   27.371   27.465   27.550   28.020
            0.200000  0.000000  0.000000
  -13.654  -13.648  -13.638  -13.637  -13.633  -13.630  -13.629  -13.628  -13.610  -13.610
  -13.605  -13.602  -13.595  -13.592  -13.578  -13.572  -13.567  -13.561  -13.557  -13.553
   -5.830   -5.605   -4.739   -4.445    0.168    0.876    2.029    2.038    2.958    4.059
    4.260    4.398    4.494    4.708    5.513    5.541    5.718    6.751    7.074    7.080
    9.028    9.312   10.344   10.542   10.776   10.985   11.414   11.521   11.844   12.955
   13.011   13.056   13.631   13.842   14.377   14.456   14.483   15.730   16.450   16.742
   16.782   16.897   17.545   17.814   17.822   18.977   19.041   19.073   19.576   20.112
   20.149   20.202   20.500   20.619   21.195   21.418   21.551   22.530   22.633   22.734
   23.190   23.417   24.151   24.507   24.722   25.310   25.313   25.461   25.685   25.937
   26.522   26.591   26.853   26.912   26.941   27.219   27.399   27.430   27.667   27.673
            0.225000  0.000000  0.000000
  -13.652  -13.647  -13.640  -13.638  -13.631  -13.629  -13.629  -13.627  -13.610  -13.610
  -13.604  -13.603  -13.595  -13.591  -13.579  -13.573  -13.566  -13.560  -13.557  -13.553
   -5.768   -5.549   -4.718   -4.445    0.121    0.800    1.848    1.930    3.007    4.058
    4.317    4.396    4.540    4.751    5.524    5.538    5.750    6.742    7.018    7.163
    9.065    9.099   10.189   10.427   10.649   10.950   11.325   11.457   11.925   12.728
   12.929   12.967   13.742   13.832   14.332   14.629   14.691   15.616   16.454   16.823
   16.843   16.923   17.314   17.757   18.132   19.244   19.273   19.294   19.681   20.349
   20.422   20.533   20.601   20.825   21.285   21.293   21.553   22.502   22.701   22.834
   23.054   23.668   24.315   24.639   24.653   25.326   25.417   25.587   25.621   25.864
   26.363   26.551   26.702   26.986   27.148   27.204   27.387   27.407   27.434   27.864
            0.250000  0.000000  0.000000
  -13.651  -13.648  -13.641  -13.640  -13.629  -13.629  -13.628  -13.626  -13.610  -13.610
  -13.604  -13.603  -13.595  -13.591  -13.580  -13.575  -13.565  -13.559  -13.557  -13.553
   -5.701   -5.489   -4.699   -4.449    0.074    0.727    1.654    1.816    3.070    4.067
    4.341    4.446    4.588    4.792    5.505    5.563    5.792    6.729    6.951    7.239
    8.840    9.174   10.022   10.271   10.518   10.866   11.221   11.422   11.968   12.488
   12.851   12.864   13.887   13.947   14.334   14.810   14.959   15.495   16.461   16.892
   16.895   16.942   17.094   17.705   18.466   19.411   19.483   19.507   19.833   20.499
   20.628   20.750   20.762   20.874   21.228   21.489   21.818   22.427   22.683   22.995
   23.101   23.877   24.444   24.483   24.764   25.278   25.456   25.548   25.670   25.804
   26.160   26.437   26.538   27.080   27.169   27.333   27.359   27.465   27.614   27.872
            0.275000  0.000000  0.000000
  -13.649  -13.648  -13.642  -13.641  -13.629  -13.627  -13.626  -13.624  -13.610  -13.610
  -13.605  -13.602  -13.596  -13.591  -13.581  -13.577  -13.564  -13.558  -13.556  -13.553
   -5.628   -5.424   -4.682   -4.457    0.029    0.658    1.461    1.691    3.145    4.085
    4.354    4.528    4.636    4.829    5.483    5.589    5.842    6.712    6.882    7.291
    8.652    9.252    9.854   10.091   10.388   10.749   11.105   11.393   11.975   12.248
   12.711   12.813   13.978   14.221   14.414   15.018   15.255   15.379   16.440   16.785
   16.938   16.990   17.038   17.712   18.793   19.436   19.653   19.673   20.091   20.449
   20.591   20.744   20.901   21.216   21.367   21.831   22.113   22.426   22.708   23.036
   23.305   23.996   24.286   24.543   24.869   25.157   25.296   25.343   25.707   25.963
   26.012   26.170   26.575   27.083   27.362   27.397   27.400   27.511   27.780   28.023
            0.300000  0.000000  0.000000
  -13.649  -13.648  -13.643  -13.643  -13.629  -13.626  -13.624  -13.623  -13.610  -13.610
  -13.606  -13.601  -13.597  -13.590  -13.582  -13.579  -13.563  -13.557  -13.556  -13.553
   -5.550   -5.357   -4.670   -4.472   -0.012    0.597    1.271    1.559    3.230    4.110
    4.373    4.621    4.682    4.860    5.459    5.613    5.899    6.692    6.814    7.302
    8.518    9.330    9.692    9.905   10.266   10.613   10.982   11.350   11.966   12.016
   12.554   12.770   14.058   14.544   14.603   15.243   15.276   15.568   16.337   16.619
   16.907   17.102   17.131   17.782   19.098   19.419   19.689   19.798   20.270   20.375
   20.494   20.767   20.978   21.538   21.642   22.207   22.421   22.520   22.780   23.164
   23.414   23.817   24.309   24.585   24.894   24.985   25.084   25.185   25.661   25.920
   26.064   26.080   26.667   27.151   27.388   27.541   27.543   27.636   27.686   28.164
            0.325000  0.000000  0.000000
  -13.649  -13.648  -13.645  -13.645  -13.629  -13.624  -13.622  -13.622  -13.610  -13.609
  -13.607  -13.599  -13.597  -13.590  -13.583  -13.581  -13.562  -13.556  -13.555  -13.553
   -5.468   -5.287   -4.662   -4.494   -0.045    0.546    1.087    1.424    3.324    4.139
    4.403    4.723    4.724    4.883    5.429    5.635    5.964    6.668    6.751    7.260
    8.453    9.401    9.539    9.722   10.157   10.473   10.864   11.283   11.797   11.965
   12.385   12.729   14.126   14.883   14.891   15.199   15.471   15.885   16.171   16.424
   16.991   17.222   17.228   17.898   19.362   19.400   19.601   19.856   20.055   20.485
   20.557   20.718   21.070   21.820   21.961   22.596   22.721   22.733   22.844   23.323
   23.408   23.508   24.431   24.546   24.748   24.809   24.955   25.253   25.574   25.708
   26.101   26.258   26.778   27.245   27.374   27.570   27.631   27.732   27.897   28.388
            0.350000  0.000000  0.000000
  -13.650  -13.648  -13.646  -13.646  -13.628  -13.622  -13.621  -13.621  -13.610  -13.609
  -13.607  -13.598  -13.598  -13.589  -13.583  -13.583  -13.561  -13.556  -13.555  -13.553
   -5.384   -5.215   -4.660   -4.524   -0.068    0.509    0.911    1.290    3.423    4.168
    4.442    4.760    4.831    4.900    5.392    5.652    6.033    6.641    6.694    7.167
    8.458    9.400    9.458    9.549   10.064   10.341   10.757   11.191   11.599   11.983
   12.209   12.687   14.196   15.082   15.216   15.320   15.685   15.988   16.187   16.229
   17.154   17.310   17.368   18.047   19.393   19.440   19.551   19.846   19.859   20.508
   20.512   20.620   21.306   22.063   22.289   22.809   22.956   22.960   22.986   23.294
   23.298   23.474   24.554   24.559   24.562   24.680   24.861   25.389   25.577   25.591
   26.094   26.449   26.840   27.300   27.307   27.636   27.649   27.941   28.190   28.509
            0.375000  0.000000  0.000000
  -13.651  -13.648  -13.647  -13.647  -13.626  -13.621  -13.620  -13.619  -13.610  -13.608
  -13.608  -13.599  -13.597  -13.589  -13.584  -13.584  -13.559  -13.555  -13.554  -13.553
   -5.297   -5.143   -4.666   -4.561   -0.078    0.487    0.744    1.158    3.528    4.191
    4.488    4.788    4.913    4.943    5.349    5.664    6.106    6.613    6.644    7.042
    8.514    9.276    9.391    9.488    9.993   10.230   10.668   11.082   11.427   12.019
   12.031   12.639   14.280   15.051   15.572   15.692   15.803   15.810   16.114   16.454
   17.389   17.400   17.519   18.220   19.259   19.403   19.527   19.769   19.823   20.325
   20.494   20.503   21.613   22.277   22.610   22.660   22.796   23.030   23.106   23.385
   23.511   23.737   24.392   24.573   24.660   24.679   24.783   25.523   25.603   25.732
   26.062   26.637   26.794   27.210   27.274   27.751   27.754   28.135   28.452   28.498
            0.400000  0.000000  0.000000
  -13.651  -13.649  -13.648  -13.648  -13.625  -13.620  -13.619  -13.618  -13.610  -13.609
  -13.608  -13.600  -13.596  -13.589  -13.586  -13.585  -13.558  -13.554  -13.554  -13.553
   -5.209   -5.072   -4.680   -4.608   -0.074    0.482    0.589    1.033    3.635    4.202
    4.541    4.805    4.925    5.059    5.299    5.666    6.180    6.585    6.602    6.908
    8.604    9.169    9.253    9.475    9.944   10.150   10.604   10.969   11.291   11.856
   12.069   12.586   14.380   15.029   15.644   15.690   15.924   16.073   16.215   16.673
   17.500   17.683   17.688   18.406   19.086   19.328   19.427   19.764   19.771   20.073
   20.355   20.435   21.903   22.438   22.491   22.587   22.906   22.914   22.939   23.732
   23.850   24.129   24.275   24.442   24.491   24.821   25.033   25.618   25.811   25.957
   26.008   26.649   26.816   27.109   27.191   27.858   27.883   28.232   28.409   28.779
            0.425000  0.000000  0.000000
  -13.652  -13.650  -13.649  -13.648  -13.624  -13.619  -13.618  -13.617  -13.610  -13.609
  -13.607  -13.601  -13.594  -13.588  -13.587  -13.585  -13.557  -13.554  -13.554  -13.553
   -5.121   -5.003   -4.702   -4.662   -0.053    0.448    0.494    0.916    3.743    4.195
    4.595    4.809    4.944    5.175    5.243    5.654    6.253    6.561    6.564    6.782
    8.714    9.082    9.139    9.417    9.919   10.098   10.565   10.859   11.204   11.687
   12.128   12.528   14.496   15.028   15.494   15.500   16.240   16.371   16.433   16.848
   17.629   17.858   18.027   18.584   18.939   19.117   19.453   19.690   19.690   19.809
   20.213   20.286   22.039   22.422   22.455   22.492   22.743   22.952   23.159   23.908
   24.145   24.201   24.277   24.337   24.698   24.993   25.346   25.649   25.917   26.121
   26.233   26.442   26.979   27.035   27.083   27.887   27.903   28.089   28.435   28.764
            0.450000  0.000000  0.000000
  -13.652  -13.651  -13.649  -13.649  -13.623  -13.619  -13.617  -13.617  -13.610  -13.609
  -13.606  -13.602  -13.593  -13.588  -13.588  -13.586  -13.557  -13.554  -13.553  -13.553
   -5.034   -4.937   -4.734   -4.725   -0.014    0.321    0.523    0.809    3.848    4.164
    4.650    4.800    4.973    5.184    5.290    5.624    6.322    6.526    6.544    6.677
    8.835    9.019    9.053    9.323    9.919   10.058   10.554   10.759   11.173   11.529
   12.193   12.465   14.630   15.050   15.306   15.363   16.478   16.506   16.739   16.980
   17.815   18.047   18.363   18.702   18.841   18.920   19.399   19.543   19.604   19.671
   20.059   20.074   21.985   22.253   22.403   22.612   22.731   23.119   23.361   23.852
   23.910   24.054   24.550   24.628   25.201   25.202   25.595   25.653   25.773   26.202
   26.396   26.522   27.015   27.022   27.080   27.702   27.788   27.875   28.556   28.581
            0.475000  0.000000  0.000000
  -13.652  -13.651  -13.649  -13.649  -13.621  -13.620  -13.617  -13.616  -13.610  -13.610
  -13.605  -13.603  -13.592  -13.590  -13.587  -13.586  -13.556  -13.554  -13.553  -13.553
   -4.950   -4.877   -4.794   -4.774    0.042    0.211    0.571    0.715    3.947    4.110
    4.700    4.778    5.015    5.124    5.398    5.570    6.384    6.486    6.540    6.601
    8.960    8.982    8.998    9.210    9.939   10.017   10.569   10.675   11.200   11.390
   12.261   12.399   14.779   15.095   15.119   15.252   16.602   16.610   16.958   17.060
   18.073   18.246   18.561   18.633   18.808   18.810   19.334   19.427   19.506   19.719
   19.780   19.942   21.943   22.084   22.408   22.517   23.021   23.313   23.516   23.662
   23.750   23.830   24.883   24.950   25.408   25.448   25.597   25.712   25.927   25.956
   26.437   26.652   27.058   27.089   27.105   27.456   27.685   27.826   28.309   28.462
            0.500000  0.000000  0.000000
  -13.652  -13.652  -13.649  -13.649  -13.621  -13.621  -13.617  -13.617  -13.610  -13.610
  -13.604  -13.604  -13.591  -13.591  -13.587  -13.587  -13.555  -13.555  -13.553  -13.553
   -4.870   -4.870   -4.822   -4.822    0.117    0.117    0.635    0.635    4.036    4.036
    4.744    4.744    5.066    5.066    5.494    5.494    6.439    6.439    6.557    6.557
    8.974    8.974    9.087    9.087    9.974    9.974   10.611   10.611   11.277   11.277
   12.330   12.330   14.942   14.942   15.163   15.163   16.643   16.643   17.062   17.062
   18.373   18.373   18.440   18.440   18.830   18.830   19.402   19.402   19.516   19.516
   19.820   19.820   21.974   21.974   22.450   22.450   23.292   23.292   23.624   23.624
   23.640   23.640   25.151   25.151   25.303   25.303   25.717   25.717   26.070   26.070
   26.407   26.407   27.147   27.147   27.238   27.238   27.789   27.789   28.216   28.216
            0.500000  0.021823  0.000000
  -13.652  -13.652  -13.649  -13.649  -13.621  -13.621  -13.617  -13.617  -13.610  -13.610
  -13.604  -13.604  -13.591  -13.591  -13.587  -13.587  -13.555  -13.555  -13.553  -13.553
   -4.868   -4.868   -4.821   -4.821    0.120    0.120    0.636    0.636    4.032    4.032
    4.728    4.728    5.041    5.041    5.507    5.507    6.416    6.416    6.574    6.574
    8.953    8.953    9.108    9.108    9.990    9.990   10.655   10.655   11.285   11.285
   12.323   12.323   14.818   14.818   15.294   15.294   16.615   16.615   17.079   17.079
   18.255   18.255   18.563   18.563   18.832   18.832   19.409   19.409   19.520   19.520
   19.837   19.837   21.972   21.972   22.431   22.431   23.264   23.264   23.599   23.599
   23.657   23.657   25.141   25.141   25.283   25.283   25.673   25.673   26.092   26.092
   26.439   26.439   27.065   27.065   27.352   27.352   27.761   27.761   28.235   28.235
            0.500000  0.043647  0.000000
  -13.652  -13.652  -13.649  -13.649  -13.621  -13.621  -13.617  -13.617  -13.610  -13.610
  -13.604  -13.604  -13.591  -13.591  -13.587  -13.587  -13.555  -13.555  -13.553  -13.553
   -4.865   -4.865   -4.818   -4.818    0.129    0.129    0.641    0.641    4.018    4.018
    4.680    4.680    4.981    4.981    5.534    5.534    6.358    6.358    6.614    6.614
    8.902    8.902    9.159    9.159   10.042   10.042   10.774   10.774   11.309   11.309
   12.304   12.304   14.635   14.635   15.497   15.497   16.547   16.547   17.118   17.118
   18.127   18.127   18.706   18.706   18.838   18.838   19.430   19.430   19.529   19.529
   19.888   19.888   21.962   21.962   22.381   22.381   23.163   23.163   23.546   23.546
   23.702   23.702   25.063   25.063   25.247   25.247   25.609   25.609   26.127   26.127
   26.513   26.513   26.988   26.988   27.485   27.485   27.717   27.717   28.293   28.293
            0.500000  0.065470  0.000000
  -13.652  -13.652  -13.649  -13.649  -13.621  -13.621  -13.617  -13.617  -13.610  -13.610
  -13.604  -13.604  -13.591  -13.591  -13.586  -13.586  -13.555  -13.555  -13.553  -13.553
   -4.859   -4.859   -4.813   -4.813    0.143    0.143    0.648    0.648    3.994    3.994
    4.602    4.602    4.912    4.912    5.551    5.551    6.276    6.276    6.665    6.665
    8.838    8.838    9.237    9.237   10.138   10.138   10.944   10.944   11.351   11.351
   12.272   12.272   14.456   14.456   15.691   15.691   16.471   16.471   17.159   17.159
   18.025   18.025   18.806   18.806   18.874   18.874   19.459   19.459   19.546   19.546
   19.977   19.977   21.935   21.935   22.323   22.323   22.992   22.992   23.461   23.461
   23.785   23.785   24.887   24.887   25.208   25.208   25.591   25.591   26.162   26.162
   26.585   26.585   26.947   26.947   27.433   27.433   27.835   27.835   28.382   28.382
            0.500000  0.087294  0.000000
  -13.653  -13.653  -13.650  -13.650  -13.621  -13.621  -13.617  -13.617  -13.609  -13.609
  -13.603  -13.603  -13.591  -13.591  -13.586  -13.586  -13.555  -13.555  -13.553  -13.553
   -4.852   -4.852   -4.806   -4.806    0.163    0.163    0.658    0.658    3.958    3.958
    4.503    4.503    4.846    4.846    5.547    5.547    6.178    6.178    6.720    6.720
    8.776    8.776    9.343    9.343   10.274   10.274   11.139   11.139   11.414   11.414
   12.231   12.231   14.289   14.289   15.830   15.830   16.439   16.439   17.191   17.191
   17.958   17.958   18.828   18.828   18.967   18.967   19.491   19.491   19.570   19.570
   20.107   20.107   21.882   21.882   22.275   22.275   22.777   22.777   23.348   23.348
   23.890   23.890   24.663   24.663   25.144   25.144   25.605   25.605   26.205   26.205
   26.635   26.635   26.921   26.921   27.282   27.282   28.041   28.041   28.491   28.491
            0.500000  0.109117  0.000000
  -13.653  -13.653  -13.650  -13.650  -13.621  -13.621  -13.617  -13.617  -13.609  -13.609
  -13.603  -13.603  -13.591  -13.591  -13.585  -13.585  -13.556  -13.556  -13.552  -13.552
   -4.842   -4.842   -4.797   -4.797    0.188    0.188    0.670    0.670    3.906    3.906
    4.394    4.394    4.783    4.783    5.519    5.519    6.071    6.071    6.768    6.768
    8.733    8.733    9.478    9.478   10.439   10.439   11.327   11.327   11.516   11.516
   12.185   12.185   14.136   14.136   15.850   15.850   16.511   16.511   17.213   17.213
   17.930   17.930   18.836   18.836   19.053   19.053   19.519   19.519   19.601   19.601
   20.269   20.269   21.795   21.795   22.237   22.237   22.547   22.547   23.219   23.219
   23.993   23.993   24.429   24.429   25.062   25.062   25.620   25.620   26.258   26.258
   26.666   26.666   26.847   26.847   27.155   27.155   28.233   28.233   28.511   28.511
            0.500000  0.130940  0.000000
  -13.654  -13.654  -13.650  -13.650  -13.621  -13.621  -13.617  -13.617  -13.609  -13.609
  -13.603  -13.603  -13.591  -13.591  -13.585  -13.585  -13.556  -13.556  -13.552  -13.552
   -4.831   -4.831   -4.787   -4.787    0.218    0.218    0.684    0.684    3.837    3.837
    4.288    4.288    4.721    4.721    5.468    5.468    5.960    5.960    6.800    6.800
    8.720    8.720    9.636    9.636   10.621   10.621   11.467   11.467   11.683   11.683
   12.143   12.143   13.998   13.998   15.768   15.768   16.659   16.659   17.240   17.240
   17.939   17.939   18.842   18.842   19.125   19.125   19.541   19.541   19.639   19.639
   20.450   20.450   21.675   21.675   22.164   22.164   22.356   22.356   23.098   23.098
   24.052   24.052   24.229   24.229   24.969   24.969   25.626   25.626   26.309   26.309
   26.669   26.669   26.709   26.709   27.099   27.099   28.259   28.259   28.477   28.477
            0.500000  0.152764  0.000000
  -13.655  -13.655  -13.651  -13.651  -13.622  -13.622  -13.617  -13.617  -13.609  -13.609
  -13.603  -13.603  -13.591  -13.591  -13.584  -13.584  -13.556  -13.556  -13.552  -13.552
   -4.818   -4.818   -4.776   -4.776    0.253    0.253    0.700    0.700    3.751    3.751
    4.189    4.189    4.659    4.659    5.397    5.397    5.854    5.854    6.809    6.809
    8.745    8.745    9.814    9.814   10.812   10.812   11.569   11.569   11.873   11.873
   12.133   12.133   13.877   13.877   15.644   15.644   16.796   16.796   17.306   17.306
   17.983   17.983   18.846   18.846   19.188   19.188   19.553   19.553   19.682   19.682
   20.632   20.632   21.520   21.520   21.992   21.992   22.270   22.270   23.010   23.010
   23.926   23.926   24.203   24.203   24.869   24.869   25.621   25.621   26.326   26.326
   26.500   26.500   26.730   26.730   27.073   27.073   28.070   28.070   28.495   28.495
            0.500000  0.174587  0.000000
  -13.655  -13.655  -13.651  -13.651  -13.622  -13.622  -13.617  -13.617  -13.608  -13.608
  -13.602  -13.602  -13.591  -13.591  -13.584  -13.584  -13.556  -13.556  -13.552  -13.552
   -4.804   -4.804   -4.764   -4.764    0.291    0.291    0.717    0.717    3.652    3.652
    4.101    4.101    4.593    4.593    5.313    5.313    5.755    5.755    6.794    6.794
    8.808    8.808   10.006   10.006   11.001   11.001   11.648   11.648   11.978   11.978
   12.245   12.245   13.773   13.773   15.511   15.511   16.863   16.863   17.436   17.436
   18.059   18.059   18.847   18.847   19.248   19.248   19.552   19.552   19.728   19.728
   20.793   20.793   21.331   21.331   21.793   21.793   22.230   22.230   22.972   22.972
   23.737   23.737   24.226   24.226   24.764   24.764   25.594   25.594   26.206   26.206
   26.441   26.441   26.769   26.769   27.060   27.060   27.836   27.836   28.372   28.372
            0.500000  0.196411  0.000000
  -13.656  -13.656  -13.652  -13.652  -13.622  -13.622  -13.617  -13.617  -13.608  -13.608
  -13.602  -13.602  -13.591  -13.591  -13.583  -13.583  -13.557  -13.557  -13.552  -13.552
   -4.788   -4.788   -4.751   -4.751    0.334    0.334    0.734    0.734    3.547    3.547
    4.023    4.023    4.519    4.519    5.225    5.225    5.664    5.664    6.760    6.760
    8.904    8.904   10.204   10.204   11.181   11.181   11.687   11.687   12.040   12.040
   12.454   12.454   13.688   13.688   15.381   15.381   16.873   16.873   17.599   17.599
   18.174   18.174   18.846   18.846   19.308   19.308   19.536   19.536   19.772   19.772
   20.899   20.899   21.135   21.135   21.598   21.598   22.220   22.220   22.974   22.974
   23.574   23.574   24.221   24.221   24.656   24.656   25.521   25.521   26.033   26.033
   26.464   26.464   26.796   26.796   27.068   27.068   27.597   27.597   28.144   28.144
            0.500000  0.218234  0.000000
  -13.657  -13.657  -13.652  -13.652  -13.622  -13.622  -13.617  -13.617  -13.608  -13.608
  -13.602  -13.602  -13.591  -13.591  -13.582  -13.582  -13.557  -13.557  -13.551  -13.551
   -4.773   -4.773   -4.738   -4.738    0.379    0.379    0.751    0.751    3.441    3.441
    3.952    3.952    4.436    4.436    5.135    5.135    5.586    5.586    6.713    6.713
    9.023    9.023   10.401   10.401   11.343   11.343   11.688   11.688   12.139   12.139
   12.678   12.678   13.626   13.626   15.264   15.264   16.853   16.853   17.745   17.745
   18.330   18.330   18.844   18.844   19.365   19.365   19.507   19.507   19.815   19.815
   20.842   20.842   21.041   21.041   21.423   21.423   22.246   22.246   22.980   22.980
   23.470   23.470   24.181   24.181   24.545   24.545   25.383   25.383   25.892   25.892
   26.516   26.516   26.773   26.773   27.106   27.106   27.373   27.373   27.892   27.892
            0.500000  0.240057  0.000000
  -13.658  -13.658  -13.653  -13.653  -13.623  -13.623  -13.617  -13.617  -13.607  -13.607
  -13.601  -13.601  -13.591  -13.591  -13.582  -13.582  -13.557  -13.557  -13.551  -13.551
   -4.757   -4.757   -4.725   -4.725    0.426    0.426    0.768    0.768    3.339    3.339
    3.889    3.889    4.344    4.344    5.046    5.046    5.522    5.522    6.658    6.658
    9.160    9.160   10.583   10.583   11.471   11.471   11.692   11.692   12.263   12.263
   12.895   12.895   13.589   13.589   15.166   15.166   16.822   16.822   17.851   17.851
   18.513   18.513   18.843   18.843   19.385   19.385   19.505   19.505   19.852   19.852
   20.674   20.674   20.991   20.991   21.307   21.307   22.293   22.293   22.946   22.946
   23.462   23.462   24.107   24.107   24.433   24.433   25.197   25.197   25.789   25.789
   26.542   26.542   26.728   26.728   27.155   27.155   27.168   27.168   27.607   27.607
            0.500000  0.261881  0.000000
  -13.658  -13.658  -13.653  -13.653  -13.623  -13.623  -13.617  -13.617  -13.607  -13.607
  -13.601  -13.601  -13.591  -13.591  -13.581  -13.581  -13.557  -13.557  -13.551  -13.551
   -4.741   -4.741   -4.712   -4.712    0.475    0.475    0.783    0.783    3.244    3.244
    3.830    3.830    4.249    4.249    4.955    4.955    5.475    5.475    6.600    6.600
    9.306    9.306   10.736   10.736   11.542   11.542   11.746   11.746   12.393   12.393
   13.099   13.099   13.581   13.581   15.092   15.092   16.786   16.786   17.910   17.910
   18.668   18.668   18.849   18.849   19.358   19.358   19.571   19.571   19.884   19.884
   20.528   20.528   20.877   20.877   21.269   21.269   22.325   22.325   22.879   22.879
   23.537   23.537   24.001   24.001   24.325   24.325   25.002   25.002   25.712   25.712
   26.400   26.400   26.799   26.799   26.957   26.957   27.134   27.134   27.439   27.439
            0.500000  0.283704  0.000000
  -13.659  -13.659  -13.653  -13.653  -13.623  -13.623  -13.617  -13.617  -13.607  -13.607
  -13.601  -13.601  -13.591  -13.591  -13.581  -13.581  -13.557  -13.557  -13.551  -13.551
   -4.726   -4.726   -4.699   -4.699    0.523    0.523    0.797    0.797    3.159    3.159
    3.775    3.775    4.158    4.158    4.860    4.860    5.446    5.446    6.541    6.541
    9.458    9.458   10.838   10.838   11.590   11.590   11.836   11.836   12.517   12.517
   13.285   13.285   13.604   13.604   15.045   15.045   16.749   16.749   17.920   17.920
   18.722   18.722   18.857   18.857   19.392   19.392   19.666   19.666   19.914   19.914
   20.423   20.423   20.756   20.756   21.266   21.266   22.311   22.311   22.811   22.811
   23.642   23.642   23.864   23.864   24.238   24.238   24.827   24.827   25.652   25.652
   26.188   26.188   26.735   26.735   26.845   26.845   27.076   27.076   27.388   27.388
            0.500000  0.305528  0.000000
  -13.660  -13.660  -13.654  -13.654  -13.623  -13.623  -13.617  -13.617  -13.607  -13.607
  -13.601  -13.601  -13.591  -13.591  -13.580  -13.580  -13.558  -13.558  -13.551  -13.551
   -4.711   -4.711   -4.688   -4.688    0.570    0.570    0.809    0.809    3.086    3.086
    3.719    3.719    4.080    4.080    4.763    4.763    5.433    5.433    6.486    6.486
    9.610    9.610   10.877   10.877   11.660   11.660   11.921   11.921   12.630   12.630
   13.453   13.453   13.656   13.656   15.024   15.024   16.716   16.716   17.876   17.876
   18.631   18.631   18.900   18.900   19.501   19.501   19.764   19.764   19.964   19.964
   20.356   20.356   20.668   20.668   21.276   21.276   22.250   22.250   22.742   22.742
   23.671   23.671   23.732   23.732   24.220   24.220   24.689   24.689   25.593   25.593
   25.972   25.972   26.543   26.543   26.731   26.731   27.164   27.164   27.369   27.369
            0.500000  0.327351  0.000000
  -13.660  -13.660  -13.654  -13.654  -13.624  -13.624  -13.617  -13.617  -13.606  -13.606
  -13.601  -13.601  -13.590  -13.590  -13.580  -13.580  -13.558  -13.558  -13.551  -13.551
   -4.698   -4.698   -4.678   -4.678    0.615    0.615    0.818    0.818    3.026    3.026
    3.659    3.659    4.024    4.024    4.665    4.665    5.432    5.432    6.434    6.434
    9.761    9.761   10.862   10.862   11.749   11.749   11.988   11.988   12.732   12.732
   13.601   13.601   13.730   13.730   15.026   15.026   16.691   16.691   17.784   17.784
   18.465   18.465   18.978   18.978   19.616   19.616   19.816   19.816   20.077   20.077
   20.321   20.321   20.635   20.635   21.292   21.292   22.168   22.168   22.656   22.656
   23.493   23.493   23.684   23.684   24.311   24.311   24.598   24.598   25.503   25.503
   25.797   25.797   26.367   26.367   26.654   26.654   27.166   27.166   27.477   27.477
            0.500000  0.349175  0.000000
  -13.661  -13.661  -13.654  -13.654  -13.624  -13.624  -13.617  -13.617  -13.606  -13.606
  -13.600  -13.600  -13.590  -13.590  -13.580  -13.580  -13.558  -13.558  -13.551  -13.551
   -4.687   -4.687   -4.670   -4.670    0.656    0.656    0.824    0.824    2.978    2.978
    3.595    3.595    3.993    3.993    4.570    4.570    5.439    5.439    6.387    6.387
    9.908    9.908   10.811   10.811   11.839   11.839   12.034   12.034   12.826   12.826
   13.730   13.730   13.814   13.814   15.042   15.042   16.679   16.679   17.660   17.660
   18.282   18.282   19.073   19.073   19.708   19.708   19.826   19.826   20.202   20.202
   20.314   20.314   20.682   20.682   21.310   21.310   22.085   22.085   22.552   22.552
   23.300   23.300   23.572   23.572   24.439   24.439   24.581   24.581   25.361   25.361
   25.697   25.697   26.201   26.201   26.661   26.661   27.094   27.094   27.670   27.670
            0.500000  0.370998  0.000000
  -13.661  -13.661  -13.655  -13.655  -13.624  -13.624  -13.617  -13.617  -13.606  -13.606
  -13.600  -13.600  -13.590  -13.590  -13.579  -13.579  -13.558  -13.558  -13.550  -13.550
   -4.677   -4.677   -4.664   -4.664    0.691    0.691    0.828    0.828    2.944    2.944
    3.535    3.535    3.984    3.984    4.483    4.483    5.450    5.450    6.349    6.349
   10.050   10.050   10.738   10.738   11.916   11.916   12.061   12.061   12.910   12.910
   13.839   13.839   13.896   13.896   15.063   15.063   16.684   16.684   17.524   17.524
   18.111   18.111   19.168   19.168   19.777   19.777   19.824   19.824   20.266   20.266
   20.332   20.332   20.812   20.812   21.321   21.321   22.019   22.019   22.448   22.448
   23.116   23.116   23.423   23.423   24.482   24.482   24.700   24.700   25.200   25.200
   25.653   25.653   26.050   26.050   26.729   26.729   27.020   27.020   27.886   27.886
            0.500000  0.392821  0.000000
  -13.662  -13.662  -13.655  -13.655  -13.624  -13.624  -13.617  -13.617  -13.606  -13.606
  -13.600  -13.600  -13.590  -13.590  -13.579  -13.579  -13.558  -13.558  -13.550  -13.550
   -4.669   -4.669   -4.660   -4.660    0.719    0.719    0.828    0.828    2.921    2.921
    3.485    3.485    3.990    3.990    4.409    4.409    5.460    5.460    6.319    6.319
   10.186   10.186   10.649   10.649   11.976   11.976   12.070   12.070   12.978   12.978
   13.925   13.925   13.962   13.962   15.081   15.081   16.706   16.706   17.397   17.397
   17.972   17.972   19.250   19.250   19.810   19.810   19.838   19.838   20.290   20.290
   20.360   20.360   20.974   20.974   21.315   21.315   21.975   21.975   22.377   22.377
   22.951   22.951   23.270   23.270   24.509   24.509   24.833   24.833   25.070   25.070
   25.645   25.645   25.916   25.916   26.775   26.775   27.023   27.023   27.906   27.906
            0.500000  0.414645  0.000000
  -13.662  -13.662  -13.655  -13.655  -13.624  -13.624  -13.617  -13.617  -13.606  -13.606
  -13.600  -13.600  -13.590  -13.590  -13.579  -13.579  -13.558  -13.558  -13.550  -13.550
   -4.664   -4.664   -4.658   -4.658    0.737    0.737    0.827    0.827    2.909    2.909
    3.453    3.453    4.002    4.002    4.358    4.358    5.468    5.468    6.301    6.301
   10.313   10.313   10.549   10.549   12.019   12.019   12.066   12.066   13.024   13.024
   13.983   13.983   14.004   14.004   15.092   15.092   16.733   16.733   17.302   17.302
   17.879   17.879   19.304   19.304   19.810   19.810   19.866   19.866   20.303   20.303
   20.380   20.380   21.115   21.115   21.282   21.282   21.951   21.951   22.362   22.362
   22.817   22.817   23.155   23.155   24.550   24.550   24.847   24.847   25.055   25.055
   25.659   25.659   25.810   25.810   26.750   26.750   27.143   27.143   27.718   27.718
            0.500000  0.436468  0.000000
  -13.662  -13.662  -13.655  -13.655  -13.624  -13.624  -13.617  -13.617  -13.606  -13.606
  -13.600  -13.600  -13.590  -13.590  -13.579  -13.579  -13.558  -13.558  -13.550  -13.550
   -4.662   -4.662   -4.657   -4.657    0.744    0.744    0.827    0.827    2.905    2.905
    3.441    3.441    4.007    4.007    4.339    4.339    5.471    5.471    6.294    6.294
   10.412   10.412   10.460   10.460   12.045   12.045   12.053   12.053   13.040   13.040
   14.006   14.006   14.016   14.016   15.096   15.096   16.747   16.747   17.265   17.265
   17.847   17.847   19.323   19.323   19.809   19.809   19.877   19.877   20.307   20.307
   20.388   20.388   21.217   21.217   21.218   21.218   21.942   21.942   22.373   22.373
   22.756   22.756   23.112   23.112   24.575   24.575   24.813   24.813   25.082   25.082
   25.678   25.678   25.759   25.759   26.731   26.731   27.232   27.232   27.613   27.613
            0.500000  0.436468  0.008683
  -13.662  -13.662  -13.655  -13.655  -13.624  -13.624  -13.617  -13.617  -13.606  -13.606
  -13.600  -13.600  -13.590  -13.590  -13.579  -13.579  -13.558  -13.558  -13.550  -13.550
   -4.662   -4.662   -4.657   -4.657    0.744    0.744    0.827    0.827    2.906    2.906
    3.442    3.442    4.005    4.005    4.337    4.337    5.474    5.474    6.294    6.294
   10.410   10.410   10.459   10.459   12.042   12.042   12.051   12.051   13.047   13.047
   14.006   14.006   14.016   14.016   15.098   15.098   16.744   16.744   17.265   17.265
   17.848   17.848   19.319   19.319   19.806   19.806   19.873   19.873   20.304   20.304
   20.385   20.385   21.224   21.224   21.226   21.226   21.942   21.942   22.370   22.370
   22.760   22.760   23.122   23.122   24.576   24.576   24.813   24.813   25.073   25.073
   25.690   25.690   25.756   25.756   26.734   26.734   27.226   27.226   27.608   27.608
            0.500000  0.436468  0.017367
  -13.662  -13.662  -13.655  -13.655  -13.624  -13.624  -13.617  -13.617  -13.606  -13.606
  -13.600  -13.600  -13.590  -13.590  -13.579  -13.579  -13.558  -13.558  -13.550  -13.550
   -4.662   -4.662   -4.657   -4.657    0.744    0.744    0.826    0.826    2.909    2.909
    3.444    3.444    3.997    3.997    4.332    4.332    5.483    5.483    6.295    6.295
   10.407   10.407   10.456   10.456   12.033   12.033   12.047   12.047   13.067   13.067
   14.009   14.009   14.016   14.016   15.104   15.104   16.736   16.736   17.263   17.263
   17.852   17.852   19.305   19.305   19.796   19.796   19.863   19.863   20.295   20.295
   20.377   20.377   21.244   21.244   21.247   21.247   21.941   21.941   22.360   22.360
   22.773   22.773   23.149   23.149   24.576   24.576   24.813   24.813   25.048   25.048
   25.723   25.723   25.749   25.749   26.740   26.740   27.211   27.211   27.591   27.591
            0.500000  0.436468  0.026050
  -13.662  -13.662  -13.655  -13.655  -13.624  -13.624  -13.617  -13.617  -13.606  -13.606
  -13.600  -13.600  -13.590  -13.590  -13.579  -13.579  -13.558  -13.558  -13.550  -13.550
   -4.662   -4.662   -4.657   -4.657    0.744    0.744    0.825    0.825    2.915    2.915
    3.448    3.448    3.985    3.985    4.325    4.325    5.498    5.498    6.295    6.295
   10.401   10.401   10.452   10.452   12.020   12.020   12.040   12.040   13.099   13.099
   14.013   14.013   14.016   14.016   15.114   15.114   16.723   16.723   17.260   17.260
   17.858   17.858   19.282   19.282   19.782   19.782   19.846   19.846   20.282   20.282
   20.365   20.365   21.274   21.274   21.280   21.280   21.940   21.940   22.345   22.345
   22.794   22.794   23.193   23.193   24.577   24.577   24.813   24.813   25.013   25.013
   25.737   25.737   25.773   25.773   26.751   26.751   27.186   27.186   27.565   27.565
            0.500000  0.436468  0.034734
  -13.662  -13.662  -13.655  -13.655  -13.624  -13.624  -13.617  -13.617  -13.606  -13.606
  -13.600  -13.600  -13.590  -13.590  -13.579  -13.579  -13.558  -13.558  -13.551  -13.551
   -4.662   -4.662   -4.657   -4.657    0.745    0.745    0.824    0.824    2.922    2.922
    3.453    3.453    3.969    3.969    4.314    4.314    5.518    5.518    6.295    6.295
   10.393   10.393   10.447   10.447   12.003   12.003   12.030   12.030   13.142   13.142
   14.016   14.016   14.019   14.019   15.127   15.127   16.705   16.705   17.256   17.256
   17.866   17.866   19.250   19.250   19.762   19.762   19.824   19.824   20.268   20.268
   20.351   20.351   21.313   21.313   21.322   21.322   21.939   21.939   22.327   22.327
   22.823   22.823   23.251   23.251   24.577   24.577   24.813   24.813   24.973   24.973
   25.721   25.721   25.835   25.835   26.763   26.763   27.153   27.153   27.528   27.528
            0.500000  0.436468  0.043417
  -13.662  -13.662  -13.655  -13.655  -13.624  -13.624  -13.617  -13.617  -13.606  -13.606
  -13.601  -13.601  -13.589  -13.589  -13.579  -13.579  -13.558  -13.558  -13.551  -13.551
   -4.662   -4.662   -4.657   -4.657    0.746    0.746    0.822    0.822    2.932    2.932
    3.459    3.459    3.949    3.949    4.300    4.300    5.543    5.543    6.296    6.296
   10.382   10.382   10.440   10.440   11.984   11.984   12.018   12.018   13.194   13.194
   14.016   14.016   14.027   14.027   15.142   15.142   16.684   16.684   17.251   17.251
   17.876   17.876   19.209   19.209   19.738   19.738   19.797   19.797   20.255   20.255
   20.336   20.336   21.356   21.356   21.370   21.370   21.939   21.939   22.308   22.308
   22.859   22.859   23.322   23.322   24.573   24.573   24.814   24.814   24.936   24.936
   25.701   25.701   25.904   25.904   26.776   26.776   27.116   27.116   27.481   27.481
            0.500000  0.436468  0.052100
  -13.661  -13.661  -13.655  -13.655  -13.624  -13.624  -13.617  -13.617  -13.606  -13.606
  -13.601  -13.601  -13.589  -13.589  -13.580  -13.580  -13.557  -13.557  -13.551  -13.551
   -4.662   -4.662   -4.657   -4.657    0.747    0.747    0.821    0.821    2.943    2.943
    3.466    3.466    3.927    3.927    4.283    4.283    5.573    5.573    6.295    6.295
   10.371   10.371   10.431   10.431   11.964   11.964   12.004   12.004   13.253   13.253
   14.016   14.016   14.037   14.037   15.159   15.159   16.661   16.661   17.244   17.244
   17.887   17.887   19.158   19.158   19.711   19.711   19.769   19.769   20.243   20.243
   20.322   20.322   21.402   21.402   21.421   21.421   21.940   21.940   22.289   22.289
   22.903   22.903   23.401   23.401   24.564   24.564   24.814   24.814   24.905   24.905
   25.680   25.680   25.978   25.978   26.786   26.786   27.075   27.075   27.424   27.424
            0.500000  0.436468  0.060784
  -13.661  -13.661  -13.656  -13.656  -13.624  -13.624  -13.617  -13.617  -13.605  -13.605
  -13.601  -13.601  -13.589  -13.589  -13.580  -13.580  -13.557  -13.557  -13.551  -13.551
   -4.662   -4.662   -4.657   -4.657    0.748    0.748    0.818    0.818    2.957    2.957
    3.474    3.474    3.902    3.902    4.264    4.264    5.606    5.606    6.294    6.294
   10.358   10.358   10.422   10.422   11.943   11.943   11.989   11.989   13.317   13.317
   14.015   14.015   14.050   14.050   15.175   15.175   16.637   16.637   17.235   17.235
   17.900   17.900   19.099   19.099   19.682   19.682   19.739   19.739   20.234   20.234
   20.309   20.309   21.447   21.447   21.472   21.472   21.943   21.943   22.271   22.271
   22.953   22.953   23.488   23.488   24.548   24.548   24.816   24.816   24.885   24.885
   25.657   25.657   26.054   26.054   26.791   26.791   27.033   27.033   27.356   27.356
            0.500000  0.436468  0.069467
  -13.661  -13.661  -13.656  -13.656  -13.623  -13.623  -13.618  -13.618  -13.605  -13.605
  -13.601  -13.601  -13.589  -13.589  -13.580  -13.580  -13.557  -13.557  -13.551  -13.551
   -4.662   -4.662   -4.658   -4.658    0.749    0.749    0.816    0.816    2.973    2.973
    3.481    3.481    3.877    3.877    4.243    4.243    5.641    5.641    6.292    6.292
   10.345   10.345   10.411   10.411   11.923   11.923   11.972   11.972   13.385   13.385
   14.013   14.013   14.067   14.067   15.189   15.189   16.615   16.615   17.224   17.224
   17.915   17.915   19.033   19.033   19.653   19.653   19.710   19.710   20.228   20.228
   20.298   20.298   21.491   21.491   21.521   21.521   21.950   21.950   22.256   22.256
   23.010   23.010   23.580   23.580   24.525   24.525   24.818   24.818   24.879   24.879
   25.633   25.633   26.131   26.131   26.788   26.788   26.992   26.992   27.276   27.276
            0.500000  0.436468  0.078151
  -13.661  -13.661  -13.656  -13.656  -13.623  -13.623  -13.618  -13.618  -13.605  -13.605
  -13.601  -13.601  -13.588  -13.588  -13.580  -13.580  -13.557  -13.557  -13.551  -13.551
   -4.662   -4.662   -4.658   -4.658    0.751    0.751    0.813    0.813    2.991    2.991
    3.488    3.488    3.853    3.853    4.220    4.220    5.679    5.679    6.289    6.289
   10.332   10.332   10.399   10.399   11.905   11.905   11.956   11.956   13.454   13.454
   14.011   14.011   14.087   14.087   15.200   15.200   16.595   16.595   17.211   17.211
   17.930   17.930   18.960   18.960   19.624   19.624   19.682   19.682   20.223   20.223
   20.288   20.288   21.531   21.531   21.564   21.564   21.960   21.960   22.243   22.243
   23.071   23.071   23.674   23.674   24.497   24.497   24.821   24.821   24.886   24.886
   25.609   25.609   26.207   26.207   26.774   26.774   26.952   26.952   27.184   27.184
            0.500000  0.436468  0.086834
  -13.661  -13.661  -13.656  -13.656  -13.623  -13.623  -13.618  -13.618  -13.605  -13.605
  -13.601  -13.601  -13.588  -13.588  -13.581  -13.581  -13.557  -13.557  -13.551  -13.551
   -4.662   -4.662   -4.658   -4.658    0.752    0.752    0.811    0.811    3.010    3.010
    3.492    3.492    3.830    3.830    4.195    4.195    5.719    5.719    6.284    6.284
   10.318   10.318   10.386   10.386   11.887   11.887   11.939   11.939   13.523   13.523
   14.008   14.008   14.113   14.113   15.204   15.204   16.580   16.580   17.196   17.196
   17.947   17.947   18.884   18.884   19.596   19.596   19.655   19.655   20.219   20.219
   20.279   20.279   21.568   21.568   21.602   21.602   21.975   21.975   22.234   22.234
   23.137   23.137   23.766   23.766   24.470   24.470   24.827   24.827   24.903   24.903
   25.585   25.585   26.279   26.279   26.748   26.748   26.913   26.913   27.082   27.082
            0.500000  0.436468  0.095517
  -13.661  -13.661  -13.656  -13.656  -13.623  -13.623  -13.618  -13.618  -13.605  -13.605
  -13.601  -13.601  -13.588  -13.588  -13.581  -13.581  -13.556  -13.556  -13.551  -13.551
   -4.661   -4.661   -4.658   -4.658    0.754    0.754    0.808    0.808    3.032    3.032
    3.493    3.493    3.811    3.811    4.168    4.168    5.760    5.760    6.277    6.277
   10.306   10.306   10.373   10.373   11.872   11.872   11.922   11.922   13.590   13.590
   14.004   14.004   14.145   14.145   15.201   15.201   16.572   16.572   17.177   17.177
   17.964   17.964   18.806   18.806   19.571   19.571   19.629   19.629   20.218   20.218
   20.271   20.271   21.599   21.599   21.632   21.632   21.995   21.995   22.227   22.227
   23.206   23.206   23.851   23.851   24.448   24.448   24.833   24.833   24.931   24.931
   25.563   25.563   26.345   26.345   26.707   26.707   26.876   26.876   26.974   26.974
            0.500000  0.436468  0.104201
  -13.660  -13.660  -13.657  -13.657  -13.623  -13.623  -13.619  -13.619  -13.605  -13.605
  -13.602  -13.602  -13.587  -13.587  -13.581  -13.581  -13.556  -13.556  -13.552  -13.552
   -4.661   -4.661   -4.658   -4.658    0.756    0.756    0.804    0.804    3.055    3.055
    3.489    3.489    3.798    3.798    4.141    4.141    5.802    5.802    6.269    6.269
   10.294   10.294   10.359   10.359   11.858   11.858   11.905   11.905   13.652   13.652
   13.999   13.999   14.185   14.185   15.189   15.189   16.572   16.572   17.155   17.155
   17.983   17.983   18.727   18.727   19.548   19.548   19.606   19.606   20.217   20.217
   20.265   20.265   21.626   21.626   21.656   21.656   22.019   22.019   22.223   22.223
   23.277   23.277   23.920   23.920   24.441   24.441   24.842   24.842   24.967   24.967
   25.541   25.541   26.396   26.396   26.652   26.652   26.840   26.840   26.870   26.870
            0.500000  0.436468  0.112884
  -13.660  -13.660  -13.657  -13.657  -13.623  -13.623  -13.619  -13.619  -13.604  -13.604
  -13.602  -13.602  -13.587  -13.587  -13.582  -13.582  -13.556  -13.556  -13.552  -13.552
   -4.661   -4.661   -4.658   -4.658    0.758    0.758    0.801    0.801    3.080    3.080
    3.479    3.479    3.792    3.792    4.112    4.112    5.844    5.844    6.258    6.258
   10.284   10.284   10.345   10.345   11.846   11.846   11.890   11.890   13.707   13.707
   13.993   13.993   14.233   14.233   15.166   15.166   16.581   16.581   17.130   17.130
   18.003   18.003   18.650   18.650   19.529   19.529   19.584   19.584   20.217   20.217
   20.259   20.259   21.649   21.649   21.673   21.673   22.045   22.045   22.220   22.220
   23.349   23.349   23.964   23.964   24.457   24.457   24.853   24.853   25.012   25.012
   25.523   25.523   26.420   26.420   26.580   26.580   26.784   26.784   26.809   26.809
            0.500000  0.436468  0.121568
  -13.660  -13.660  -13.657  -13.657  -13.622  -13.622  -13.619  -13.619  -13.604  -13.604
  -13.602  -13.602  -13.587  -13.587  -13.582  -13.582  -13.555  -13.555  -13.552  -13.552
   -4.661   -4.661   -4.658   -4.658    0.760    0.760    0.798    0.798    3.107    3.107
    3.463    3.463    3.793    3.793    4.082    4.082    5.885    5.885    6.244    6.244
   10.275   10.275   10.331   10.331   11.837   11.837   11.876   11.876   13.755   13.755
   13.986   13.986   14.290   14.290   15.132   15.132   16.599   16.599   17.100   17.100
   18.025   18.025   18.574   18.574   19.512   19.512   19.564   19.564   20.218   20.218
   20.254   20.254   21.666   21.666   21.686   21.686   22.072   22.072   22.220   22.220
   23.420   23.420   23.980   23.980   24.498   24.498   24.864   24.864   25.066   25.066
   25.507   25.507   26.396   26.396   26.494   26.494   26.737   26.737   26.784   26.784
            0.500000  0.436468  0.130251
  -13.660  -13.660  -13.657  -13.657  -13.622  -13.622  -13.619  -13.619  -13.604  -13.604
  -13.602  -13.602  -13.586  -13.586  -13.582  -13.582  -13.555  -13.555  -13.552  -13.552
   -4.661   -4.661   -4.659   -4.659    0.763    0.763    0.794    0.794    3.134    3.134
    3.441    3.441    3.801    3.801    4.052    4.052    5.926    5.926    6.228    6.228
   10.269   10.269   10.318   10.318   11.829   11.829   11.863   11.863   13.796   13.796
   13.978   13.978   14.356   14.356   15.088   15.088   16.627   16.627   17.067   17.067
   18.050   18.050   18.502   18.502   19.500   19.500   19.546   19.546   20.219   20.219
   20.249   20.249   21.680   21.680   21.694   21.694   22.100   22.100   22.220   22.220
   23.489   23.489   23.972   23.972   24.556   24.556   24.875   24.875   25.128   25.128
   25.498   25.498   26.327   26.327   26.397   26.397   26.728   26.728   26.765   26.765
            0.500000  0.436468  0.138934
  -13.660  -13.660  -13.657  -13.657  -13.622  -13.622  -13.620  -13.620  -13.604  -13.604
  -13.602  -13.602  -13.586  -13.586  -13.583  -13.583  -13.555  -13.555  -13.553  -13.553
   -4.661   -4.661   -4.659   -4.659    0.766    0.766    0.791    0.791    3.164    3.164
    3.415    3.415    3.815    3.815    4.022    4.022    5.965    5.965    6.209    6.209
   10.264   10.264   10.306   10.306   11.824   11.824   11.851   11.851   13.830   13.830
   13.969   13.969   14.428   14.428   15.034   15.034   16.662   16.662   17.029   17.029
   18.076   18.076   18.435   18.435   19.490   19.490   19.529   19.529   20.221   20.221
   20.245   20.245   21.690   21.690   21.700   21.700   22.125   22.125   22.219   22.219
   23.555   23.555   23.948   23.948   24.622   24.622   24.883   24.883   25.199   25.199
   25.494   25.494   26.236   26.236   26.294   26.294   26.736   26.736   26.752   26.752
            0.500000  0.436468  0.147618
  -13.659  -13.659  -13.658  -13.658  -13.622  -13.622  -13.620  -13.620  -13.604  -13.604
  -13.603  -13.603  -13.585  -13.585  -13.583  -13.583  -13.555  -13.555  -13.553  -13.553
   -4.660   -4.660   -4.659   -4.659    0.768    0.768    0.788    0.788    3.194    3.194
    3.386    3.386    3.833    3.833    3.992    3.992    6.004    6.004    6.188    6.188
   10.262   10.262   10.294   10.294   11.820   11.820   11.841   11.841   13.858   13.858
   13.959   13.959   14.505   14.505   14.971   14.971   16.703   16.703   16.988   16.988
   18.105   18.105   18.372   18.372   19.484   19.484   19.515   19.515   20.223   20.223
   20.241   20.241   21.697   21.697   21.704   21.704   22.148   22.148   22.218   22.218
   23.618   23.618   23.915   23.915   24.686   24.686   24.884   24.884   25.277   25.277
   25.497   25.497   26.144   26.144   26.191   26.191   26.744   26.744   26.745   26.745
            0.500000  0.436468  0.156301
  -13.659  -13.659  -13.658  -13.658  -13.621  -13.621  -13.620  -13.620  -13.603  -13.603
  -13.603  -13.603  -13.585  -13.585  -13.583  -13.583  -13.554  -13.554  -13.553  -13.553
   -4.660   -4.660   -4.659   -4.659    0.771    0.771    0.784    0.784    3.225    3.225
    3.355    3.355    3.855    3.855    3.963    3.963    6.040    6.040    6.163    6.163
   10.262   10.262   10.284   10.284   11.819   11.819   11.833   11.833   13.882   13.882
   13.947   13.947   14.586   14.586   14.902   14.902   16.749   16.749   16.943   16.943
   18.138   18.138   18.315   18.315   19.482   19.482   19.503   19.503   20.225   20.225
   20.237   20.237   21.702   21.702   21.706   21.706   22.168   22.168   22.214   22.214
   23.677   23.677   23.875   23.875   24.744   24.744   24.878   24.878   25.356   25.356
   25.503   25.503   26.065   26.065   26.097   26.097   26.742   26.742   26.748   26.748
            0.500000  0.436468  0.164984
  -13.659  -13.659  -13.658  -13.658  -13.621  -13.621  -13.621  -13.621  -13.603  -13.603
  -13.603  -13.603  -13.585  -13.585  -13.584  -13.584  -13.554  -13.554  -13.553  -13.553
   -4.660   -4.660   -4.659   -4.659    0.774    0.774    0.781    0.781    3.258    3.258
    3.323    3.323    3.879    3.879    3.934    3.934    6.074    6.074    6.136    6.136
   10.265   10.265   10.276   10.276   11.819   11.819   11.827   11.827   13.902   13.902
   13.934   13.934   14.667   14.667   14.827   14.827   16.797   16.797   16.896   16.896
   18.175   18.175   18.263   18.263   19.483   19.483   19.494   19.494   20.228   20.228
   20.234   20.234   21.705   21.705   21.707   21.707   22.185   22.185   22.207   22.207
   23.732   23.732   23.831   23.831   24.794   24.794   24.861   24.861   25.428   25.428
   25.502   25.502   26.009   26.009   26.025   26.025   26.742   26.742   26.747   26.747
            0.500000  0.436468  0.173668
  -13.659  -13.659  -13.659  -13.659  -13.621  -13.621  -13.621  -13.621  -13.603  -13.603
  -13.603  -13.603  -13.584  -13.584  -13.584  -13.584  -13.554  -13.554  -13.554  -13.554
   -4.660   -4.660   -4.660   -4.660    0.778    0.778    0.778    0.778    3.290    3.290
    3.290    3.290    3.906    3.906    3.906    3.906    6.107    6.107    6.107    6.107
   10.269   10.269   10.269   10.269   11.822   11.822   11.822   11.822   13.919   13.919
   13.919   13.919   14.748   14.748   14.748   14.748   16.847   16.847   16.847   16.847
   18.217   18.217   18.217   18.217   19.487   19.487   19.487   19.487   20.231   20.231
   20.231   20.231   21.707   21.707   21.707   21.707   22.198   22.198   22.198   22.198
   23.784   23.784   23.784   23.784   24.833   24.833   24.833   24.833   25.480   25.480
   25.480   25.480   25.993   25.993   25.993   25.993   26.745   26.745   26.745   26.745
            0.475000  0.414645  0.173668
  -13.659  -13.659  -13.658  -13.658  -13.621  -13.621  -13.620  -13.620  -13.604  -13.604
  -13.603  -13.603  -13.585  -13.585  -13.584  -13.584  -13.554  -13.554  -13.553  -13.553
   -4.676   -4.676   -4.653   -4.653    0.733    0.733    0.819    0.819    3.232    3.232
    3.327    3.327    3.902    3.902    3.993    3.993    6.084    6.084    6.125    6.125
   10.222   10.222   10.331   10.331   11.774   11.774   11.827   11.827   13.852   13.852
   13.905   13.905   14.719   14.719   14.785   14.785   16.789   16.789   16.901   16.901
   18.217   18.217   18.274   18.274   19.369   19.369   19.538   19.538   20.115   20.115
   20.352   20.352   21.621   21.621   21.733   21.733   22.196   22.196   22.341   22.341
   23.687   23.687   23.785   23.785   24.599   24.599   25.042   25.042   25.320   25.320
   25.686   25.686   25.866   25.866   26.130   26.130   26.534   26.534   27.056   27.056
            0.450000  0.392821  0.173668
  -13.658  -13.658  -13.657  -13.657  -13.622  -13.622  -13.620  -13.620  -13.604  -13.604
  -13.602  -13.602  -13.585  -13.585  -13.583  -13.583  -13.555  -13.555  -13.553  -13.553
   -4.709   -4.709   -4.649   -4.649    0.685    0.685    0.858    0.858    3.149    3.149
    3.383    3.383    3.940    3.940    4.165    4.165    6.042    6.042    6.157    6.157
   10.189   10.189   10.404   10.404   11.657   11.657   11.822   11.822   13.668   13.668
   13.862   13.862   14.709   14.709   14.813   14.813   16.732   16.732   16.962   16.962
   18.218   18.218   18.399   18.399   19.226   19.226   19.450   19.450   20.087   20.087
   20.489   20.489   21.427   21.427   21.764   21.764   22.379   22.379   22.538   22.538
   23.438   23.438   23.716   23.716   24.591   24.591   24.937   24.937   25.232   25.232
   25.721   25.721   25.906   25.906   26.301   26.301   26.659   26.659   27.100   27.100
            0.425000  0.370998  0.173668
  -13.658  -13.658  -13.656  -13.656  -13.623  -13.623  -13.620  -13.620  -13.605  -13.605
  -13.602  -13.602  -13.586  -13.586  -13.583  -13.583  -13.556  -13.556  -13.553  -13.553
   -4.760   -4.760   -4.645   -4.645    0.633    0.633    0.898    0.898    3.074    3.074
    3.464    3.464    4.008    4.008    4.384    4.384    5.980    5.980    6.210    6.210
   10.163   10.163   10.479   10.479   11.485   11.485   11.817   11.817   13.399   13.399
   13.794   13.794   14.715   14.715   14.824   14.824   16.686   16.686   17.035   17.035
   18.168   18.168   18.519   18.519   19.113   19.113   19.257   19.257   20.195   20.195
   20.573   20.573   21.292   21.292   21.778   21.778   22.587   22.587   22.740   22.740
   23.186   23.186   23.594   23.594   24.703   24.703   24.762   24.762   25.044   25.044
   25.695   25.695   25.950   25.950   26.529   26.529   26.995   26.995   27.125   27.125
            0.400000  0.349175  0.173668
  -13.657  -13.657  -13.655  -13.655  -13.624  -13.624  -13.620  -13.620  -13.605  -13.605
  -13.602  -13.602  -13.587  -13.587  -13.582  -13.582  -13.556  -13.556  -13.553  -13.553
   -4.827   -4.827   -4.640   -4.640    0.578    0.578    0.941    0.941    3.025    3.025
    3.563    3.563    4.105    4.105    4.621    4.621    5.910    5.910    6.285    6.285
   10.134   10.134   10.542   10.542   11.285   11.285   11.818   11.818   13.077   13.077
   13.702   13.702   14.715   14.715   14.847   14.847   16.656   16.656   17.104   17.104
   18.018   18.018   18.506   18.506   19.061   19.061   19.179   19.179   20.249   20.249
   20.595   20.595   21.388   21.388   21.764   21.764   22.496   22.496   22.920   22.920
   23.167   23.167   23.559   23.559   24.509   24.509   24.804   24.804   24.935   24.935
   25.701   25.701   26.025   26.025   26.649   26.649   27.049   27.049   27.486   27.486
            0.375000  0.327351  0.173668
  -13.656  -13.656  -13.653  -13.653  -13.625  -13.625  -13.621  -13.621  -13.606  -13.606
  -13.602  -13.602  -13.588  -13.588  -13.582  -13.582  -13.557  -13.557  -13.553  -13.553
   -4.907   -4.907   -4.635   -4.635    0.522    0.522    0.991    0.991    3.007    3.007
    3.671    3.671    4.224    4.224    4.858    4.858    5.843    5.843    6.385    6.385
   10.087   10.087   10.584   10.584   11.085   11.085   11.829   11.829   12.734   12.734
   13.589   13.589   14.690   14.690   14.914   14.914   16.632   16.632   17.122   17.122
   17.794   17.794   18.332   18.332   19.094   19.094   19.262   19.262   20.044   20.044
   20.807   20.807   21.573   21.573   21.740   21.740   22.265   22.265   22.883   22.883
   23.317   23.317   23.686   23.686   24.374   24.374   24.679   24.679   25.010   25.010
   25.734   25.734   26.218   26.218   26.599   26.599   27.072   27.072   27.570   27.570
            0.350000  0.305528  0.173668
  -13.654  -13.654  -13.651  -13.651  -13.626  -13.626  -13.621  -13.621  -13.606  -13.606
  -13.602  -13.602  -13.589  -13.589  -13.581  -13.581  -13.558  -13.558  -13.553  -13.553
   -4.998   -4.998   -4.630   -4.630    0.467    0.467    1.052    1.052    3.020    3.020
    3.781    3.781    4.349    4.349    5.084    5.084    5.797    5.797    6.508    6.508
   10.009   10.009   10.599   10.599   10.907   10.907   11.852   11.852   12.400   12.400
   13.459   13.459   14.658   14.658   15.025   15.025   16.601   16.601   17.010   17.010
   17.577   17.577   18.138   18.138   19.174   19.174   19.375   19.375   19.808   19.808
   21.040   21.040   21.602   21.602   21.751   21.751   22.145   22.145   22.777   22.777
   23.381   23.381   23.821   23.821   24.460   24.460   24.555   24.555   25.183   25.183
   25.703   25.703   26.411   26.411   26.536   26.536   27.099   27.099   27.425   27.425
            0.325000  0.283704  0.173668
  -13.653  -13.653  -13.649  -13.649  -13.627  -13.627  -13.622  -13.622  -13.607  -13.607
  -13.601  -13.601  -13.590  -13.590  -13.581  -13.581  -13.559  -13.559  -13.554  -13.554
   -5.096   -5.096   -4.626   -4.626    0.417    0.417    1.127    1.127    3.060    3.060
    3.887    3.887    4.460    4.460    5.289    5.289    5.789    5.789    6.644    6.644
    9.906    9.906   10.576   10.576   10.768   10.768   11.875   11.875   12.110   12.110
   13.312   13.312   14.632   14.632   15.177   15.177   16.550   16.550   16.759   16.759
   17.370   17.370   18.012   18.012   19.195   19.195   19.431   19.431   19.727   19.727
   21.147   21.147   21.504   21.504   21.777   21.777   22.103   22.103   22.750   22.750
   23.341   23.341   23.912   23.912   24.513   24.513   24.743   24.743   25.361   25.361
   25.632   25.632   26.269   26.269   26.666   26.666   27.104   27.104   27.316   27.316
            0.300000  0.261881  0.173668
  -13.652  -13.652  -13.647  -13.647  -13.629  -13.629  -13.624  -13.624  -13.607  -13.607
  -13.602  -13.602  -13.591  -13.591  -13.580  -13.580  -13.560  -13.560  -13.554  -13.554
   -5.197   -5.197   -4.622   -4.622    0.376    0.376    1.217    1.217    3.124    3.124
    3.983    3.983    4.540    4.540    5.462    5.462    5.836    5.836    6.778    6.778
    9.812    9.812   10.457   10.457   10.717   10.717   11.791   11.791   11.986   11.986
   13.153   13.153   14.614   14.614   15.367   15.367   16.435   16.435   16.484   16.484
   17.142   17.142   17.946   17.946   19.057   19.057   19.440   19.440   19.866   19.866
   21.052   21.052   21.429   21.429   21.786   21.786   22.087   22.087   22.783   22.783
   23.267   23.267   24.042   24.042   24.481   24.481   25.056   25.056   25.404   25.404
   25.623   25.623   26.182   26.182   26.494   26.494   27.161   27.161   27.349   27.349
            0.275000  0.240057  0.173668
  -13.651  -13.651  -13.645  -13.645  -13.630  -13.630  -13.625  -13.625  -13.607  -13.607
  -13.602  -13.602  -13.592  -13.592  -13.579  -13.579  -13.561  -13.561  -13.554  -13.554
   -5.300   -5.300   -4.619   -4.619    0.346    0.346    1.322    1.322    3.205    3.205
    4.058    4.058    4.596    4.596    5.579    5.579    5.947    5.947    6.889    6.889
    9.760    9.760   10.283   10.283   10.719   10.719   11.618   11.618   12.014   12.014
   12.990   12.990   14.595   14.595   15.574   15.574   16.140   16.140   16.363   16.363
   16.924   16.924   17.895   17.895   18.857   18.857   19.437   19.437   20.066   20.066
   20.822   20.822   21.372   21.372   21.750   21.750   22.170   22.170   22.779   22.779
   23.211   23.211   24.122   24.122   24.355   24.355   25.260   25.260   25.429   25.429
   25.588   25.588   26.198   26.198   26.430   26.430   27.061   27.061   27.620   27.620
            0.250000  0.218234  0.173668
  -13.650  -13.650  -13.643  -13.643  -13.631  -13.631  -13.627  -13.627  -13.606  -13.606
  -13.602  -13.602  -13.592  -13.592  -13.578  -13.578  -13.561  -13.561  -13.555  -13.555
   -5.401   -5.401   -4.618   -4.618    0.331    0.331    1.443    1.443    3.298    3.298
    4.099    4.099    4.654    4.654    5.628    5.628    6.095    6.095    6.967    6.967
    9.739    9.739   10.153   10.153   10.729   10.729   11.486   11.486   12.056   12.056
   12.832   12.832   14.565   14.565   15.676   15.676   15.918   15.918   16.276   16.276
   16.756   16.756   17.826   17.826   18.668   18.668   19.406   19.406   20.237   20.237
   20.532   20.532   21.313   21.313   21.752   21.752   22.304   22.304   22.701   22.701
   23.164   23.164   23.990   23.990   24.185   24.185   25.220   25.220   25.421   25.421
   25.684   25.684   26.318   26.318   26.605   26.605   27.065   27.065   27.886   27.886
            0.225000  0.196411  0.173668
  -13.650  -13.650  -13.641  -13.641  -13.632  -13.632  -13.628  -13.628  -13.606  -13.606
  -13.603  -13.603  -13.593  -13.593  -13.577  -13.577  -13.562  -13.562  -13.555  -13.555
   -5.499   -5.499   -4.618   -4.618    0.331    0.331    1.578    1.578    3.395    3.395
    4.103    4.103    4.735    4.735    5.618    5.618    6.224    6.224    7.021    7.021
    9.688    9.688   10.167   10.167   10.739   10.739   11.398   11.398   12.094   12.094
   12.700   12.700   14.516   14.516   15.479   15.479   15.822   15.822   16.340   16.340
   16.692   16.692   17.723   17.723   18.508   18.508   19.356   19.356   20.162   20.162
   20.392   20.392   21.258   21.258   21.785   21.785   22.382   22.382   22.655   22.655
   23.025   23.025   23.774   23.774   24.076   24.076   24.896   24.896   25.383   25.383
   25.961   25.961   26.533   26.533   26.837   26.837   27.230   27.230   28.072   28.072
            0.200000  0.174587  0.173668
  -13.650  -13.650  -13.640  -13.640  -13.632  -13.632  -13.629  -13.629  -13.607  -13.607
  -13.603  -13.603  -13.593  -13.593  -13.576  -13.576  -13.563  -13.563  -13.556  -13.556
   -5.590   -5.590   -4.619   -4.619    0.348    0.348    1.726    1.726    3.484    3.484
    4.089    4.089    4.838    4.838    5.554    5.554    6.297    6.297    7.059    7.059
    9.638    9.638   10.288   10.288   10.754   10.754   11.350   11.350   12.121   12.121
   12.619   12.619   14.446   14.446   15.224   15.224   15.686   15.686   16.370   16.370
   16.851   16.851   17.589   17.589   18.363   18.363   19.305   19.305   19.887   19.887
   20.365   20.365   21.208   21.208   21.741   21.741   22.279   22.279   22.663   22.663
   22.953   22.953   23.610   23.610   24.076   24.076   24.543   24.543   25.311   25.311
   26.109   26.109   26.809   26.809   27.134   27.134   27.455   27.455   28.093   28.093
            0.175000  0.152764  0.173668
  -13.652  -13.652  -13.638  -13.638  -13.633  -13.633  -13.629  -13.629  -13.607  -13.607
  -13.603  -13.603  -13.594  -13.594  -13.575  -13.575  -13.563  -13.563  -13.556  -13.556
   -5.674   -5.674   -4.622   -4.622    0.379    0.379    1.885    1.885    3.546    3.546
    4.087    4.087    4.950    4.950    5.446    5.446    6.306    6.306    7.075    7.075
    9.660    9.660   10.409   10.409   10.777   10.777   11.348   11.348   12.155   12.155
   12.599   12.599   14.359   14.359   14.986   14.986   15.561   15.561   16.319   16.319
   17.112   17.112   17.470   17.470   18.201   18.201   19.255   19.255   19.662   19.662
   20.250   20.250   21.150   21.150   21.479   21.479   22.137   22.137   22.539   22.539
   23.168   23.168   23.529   23.529   24.046   24.046   24.367   24.367   25.233   25.233
   26.128   26.128   27.011   27.011   27.412   27.412   27.610   27.610   28.108   28.108
            0.150000  0.130940  0.173668
  -13.653  -13.653  -13.637  -13.637  -13.633  -13.633  -13.628  -13.628  -13.608  -13.608
  -13.603  -13.603  -13.594  -13.594  -13.574  -13.574  -13.563  -13.563  -13.557  -13.557
   -5.749   -5.749   -4.626   -4.626    0.422    0.422    2.052    2.052    3.564    3.564
    4.119    4.119    5.045    5.045    5.329    5.329    6.253    6.253    7.069    7.069
    9.759    9.759   10.486   10.486   10.779   10.779   11.390   11.390   12.255   12.255
   12.617   12.617   14.264   14.264   14.791   14.791   15.472   15.472   16.252   16.252
   17.158   17.158   17.553   17.553   18.032   18.032   19.176   19.176   19.510   19.510
   20.103   20.103   21.053   21.053   21.106   21.106   21.956   21.956   22.458   22.458
   23.273   23.273   23.630   23.630   23.958   23.958   24.433   24.433   25.226   25.226
   26.097   26.097   26.856   26.856   27.415   27.415   27.953   27.953   28.292   28.292
            0.125000  0.109117  0.173668
  -13.655  -13.655  -13.637  -13.637  -13.633  -13.633  -13.627  -13.627  -13.609  -13.609
  -13.602  -13.602  -13.594  -13.594  -13.573  -13.573  -13.563  -13.563  -13.557  -13.557
   -5.814   -5.814   -4.630   -4.630    0.475    0.475    2.222    2.222    3.540    3.540
    4.185    4.185    5.037    5.037    5.298    5.298    6.146    6.146    7.058    7.058
    9.886    9.886   10.529   10.529   10.775   10.775   11.440   11.440   12.442   12.442
   12.653   12.653   14.165   14.165   14.668   14.668   15.426   15.426   16.175   16.175
   17.011   17.011   17.620   17.620   18.010   18.010   19.013   19.013   19.406   19.406
   20.025   20.025   20.666   20.666   21.000   21.000   21.827   21.827   22.308   22.308
   23.166   23.166   23.808   23.808   24.075   24.075   24.564   24.564   25.358   25.358
   25.974   25.974   26.500   26.500   27.482   27.482   28.202   28.202   28.560   28.560
            0.100000  0.087294  0.173668
  -13.656  -13.656  -13.638  -13.638  -13.633  -13.633  -13.626  -13.626  -13.610  -13.610
  -13.602  -13.602  -13.595  -13.595  -13.573  -13.573  -13.563  -13.563  -13.557  -13.557
   -5.868   -5.868   -4.634   -4.634    0.531    0.531    2.390    2.390    3.491    3.491
    4.268    4.268    4.922    4.922    5.371    5.371    6.002    6.002    7.054    7.054
    9.983    9.983   10.489   10.489   10.879   10.879   11.478   11.478   12.569   12.569
   12.795   12.795   14.066   14.066   14.636   14.636   15.432   15.432   16.082   16.082
   16.824   16.824   17.470   17.470   18.161   18.161   18.771   18.771   19.295   19.295
   20.010   20.010   20.394   20.394   20.918   20.918   21.758   21.758   22.139   22.139
   22.981   22.981   23.844   23.844   24.331   24.331   24.806   24.806   25.580   25.580
   25.639   25.639   26.368   26.368   27.534   27.534   28.316   28.316   28.780   28.780
            0.075000  0.065470  0.173668
  -13.658  -13.658  -13.639  -13.639  -13.632  -13.632  -13.626  -13.626  -13.611  -13.611
  -13.601  -13.601  -13.595  -13.595  -13.573  -13.573  -13.562  -13.562  -13.557  -13.557
   -5.911   -5.911   -4.638   -4.638    0.586    0.586    2.546    2.546    3.433    3.433
    4.348    4.348    4.801    4.801    5.453    5.453    5.848    5.848    7.056    7.056
   10.033   10.033   10.396   10.396   11.079   11.079   11.510   11.510   12.554   12.554
   13.047   13.047   13.983   13.983   14.697   14.697   15.493   15.493   15.972   15.972
   16.625   16.625   17.276   17.276   18.257   18.257   18.549   18.549   19.078   19.078
   19.993   19.993   20.390   20.390   20.854   20.854   21.713   21.713   22.033   22.033
   22.801   22.801   23.765   23.765   24.537   24.537   24.962   24.962   25.446   25.446
   25.845   25.845   26.410   26.410   27.536   27.536   28.330   28.330   28.773   28.773
            0.050000  0.043647  0.173668
  -13.659  -13.659  -13.640  -13.640  -13.632  -13.632  -13.625  -13.625  -13.612  -13.612
  -13.600  -13.600  -13.595  -13.595  -13.573  -13.573  -13.562  -13.562  -13.557  -13.557
   -5.942   -5.942   -4.641   -4.641    0.632    0.632    2.679    2.679    3.378    3.378
    4.414    4.414    4.706    4.706    5.513    5.513    5.716    5.716    7.062    7.062
   10.055   10.055   10.305   10.305   11.280   11.280   11.552   11.552   12.502   12.502
   13.260   13.260   13.924   13.924   14.831   14.831   15.597   15.597   15.855   15.855
   16.440   16.440   17.071   17.071   18.240   18.240   18.440   18.440   18.790   18.790
   20.054   20.054   20.459   20.459   20.829   20.829   21.680   21.680   22.016   22.016
   22.683   22.683   23.674   23.674   24.257   24.257   25.171   25.171   25.676   25.676
   26.070   26.070   26.543   26.543   27.458   27.458   28.285   28.285   28.557   28.557
            0.025000  0.021823  0.173668
  -13.659  -13.659  -13.640  -13.640  -13.631  -13.631  -13.625  -13.625  -13.612  -13.612
  -13.600  -13.600  -13.595  -13.595  -13.573  -13.573  -13.562  -13.562  -13.558  -13.558
   -5.961   -5.961   -4.643   -4.643    0.663    0.663    2.773    2.773    3.336    3.336
    4.456    4.456    4.646    4.646    5.531    5.531    5.646    5.646    7.067    7.067
   10.066   10.066   10.241   10.241   11.400   11.400   11.619   11.619   12.446   12.446
   13.391   13.391   13.891   13.891   14.984   14.984   15.664   15.664   15.810   15.810
   16.286   16.286   16.897   16.897   18.199   18.199   18.341   18.341   18.614   18.614
   20.143   20.143   20.471   20.471   20.839   20.839   21.695   21.695   21.999   21.999
   22.699   22.699   23.597   23.597   23.865   23.865   25.411   25.411   25.886   25.886
   26.266   26.266   26.701   26.701   27.312   27.312   28.202   28.202   28.387   28.387
            0.000000  0.000000  0.173668
  -13.659  -13.659  -13.640  -13.640  -13.631  -13.631  -13.625  -13.625  -13.612  -13.612
  -13.600  -13.600  -13.595  -13.595  -13.573  -13.573  -13.562  -13.562  -13.558  -13.558
   -5.967   -5.967   -4.643   -4.643    0.673    0.673    2.807    2.807    3.320    3.320
    4.471    4.471    4.626    4.626    5.522    5.522    5.636    5.636    7.068    7.068
   10.070   10.070   10.216   10.216   11.431   11.431   11.660   11.660   12.420   12.420
   13.434   13.434   13.881   13.881   15.059   15.059   15.638   15.638   15.861   15.861
   16.208   16.208   16.828   16.828   18.217   18.217   18.240   18.240   18.581   18.581
   20.187   20.187   20.460   20.460   20.846   20.846   21.723   21.723   21.968   21.968
   22.766   22.766   23.533   23.533   23.706   23.706   25.504   25.504   25.965   25.965
   26.363   26.363   26.778   26.778   27.221   27.221   28.145   28.145   28.345   28.345
            0.000000  0.000000  0.164984
  -13.660  -13.659  -13.640  -13.640  -13.631  -13.631  -13.625  -13.624  -13.612  -13.612
  -13.600  -13.600  -13.595  -13.595  -13.573  -13.573  -13.562  -13.561  -13.558  -13.557
   -5.976   -5.958   -4.658   -4.629    0.645    0.703    2.788    2.825    3.279    3.361
    4.460    4.482    4.621    4.627    5.496    5.555    5.621    5.650    7.050    7.086
   10.016   10.109   10.212   10.232   11.379   11.479   11.631   11.691   12.383   12.465
   13.397   13.471   13.841   13.922   15.030   15.089   15.600   15.677   15.798   15.924
   16.191   16.228   16.817   16.837   18.213   18.221   18.225   18.244   18.540   18.631
   20.078   20.283   20.378   20.543   20.797   20.895   21.672   21.745   21.946   22.045
   22.629   22.902   23.446   23.627   23.630   23.787   25.469   25.523   25.913   26.028
   26.233   26.494   26.728   26.816   27.177   27.256   28.079   28.187   28.363   28.365
            0.000000  0.000000  0.156301
  -13.660  -13.658  -13.641  -13.640  -13.631  -13.631  -13.625  -13.624  -13.612  -13.612
  -13.601  -13.599  -13.596  -13.595  -13.573  -13.573  -13.562  -13.561  -13.558  -13.557
   -5.986   -5.948   -4.672   -4.615    0.618    0.734    2.766    2.841    3.240    3.403
    4.449    4.494    4.612    4.623    5.477    5.593    5.607    5.664    7.032    7.104
    9.951   10.132   10.213   10.260   11.327   11.521   11.602   11.724   12.357   12.515
   13.358   13.506   13.802   13.964   15.003   15.120   15.563   15.716   15.738   15.985
   16.177   16.248   16.806   16.844   18.190   18.212   18.231   18.238   18.509   18.686
   19.959   20.298   20.360   20.628   20.748   20.945   21.619   21.719   21.995   22.145
   22.492   23.034   23.371   23.561   23.727   23.870   25.414   25.528   25.875   26.097
   26.105   26.625   26.671   26.837   27.134   27.276   28.008   28.201   28.406   28.421
            0.000000  0.000000  0.147618
  -13.661  -13.658  -13.641  -13.639  -13.631  -13.631  -13.625  -13.624  -13.612  -13.612
  -13.601  -13.599  -13.596  -13.595  -13.573  -13.572  -13.562  -13.561  -13.559  -13.556
   -5.994   -5.938   -4.686   -4.602    0.592    0.765    2.742    2.856    3.203    3.445
    4.439    4.506    4.599    4.616    5.463    5.592    5.637    5.678    7.013    7.121
    9.879   10.143   10.219   10.295   11.275   11.554   11.575   11.758   12.345   12.569
   13.318   13.540   13.765   14.005   14.977   15.152   15.527   15.681   15.755   16.037
   16.174   16.269   16.793   16.850   18.151   18.202   18.215   18.255   18.486   18.746
   19.835   20.219   20.411   20.698   20.714   21.000   21.575   21.683   22.078   22.258
   22.356   23.154   23.309   23.507   23.832   23.956   25.343   25.523   25.848   25.981
   26.167   26.607   26.756   26.830   27.107   27.279   27.941   28.207   28.455   28.491
            0.000000  0.000000  0.138934
  -13.661  -13.658  -13.641  -13.639  -13.631  -13.631  -13.625  -13.624  -13.613  -13.612
  -13.601  -13.598  -13.596  -13.595  -13.574  -13.572  -13.562  -13.561  -13.559  -13.556
   -6.003   -5.929   -4.701   -4.589    0.568    0.798    2.716    2.870    3.169    3.487
    4.429    4.518    4.584    4.605    5.454    5.577    5.687    5.691    6.995    7.137
    9.802   10.150   10.227   10.332   11.225   11.550   11.575   11.792   12.348   12.624
   13.276   13.572   13.730   14.047   14.954   15.183   15.491   15.630   15.794   16.066
   16.195   16.291   16.779   16.853   18.107   18.163   18.221   18.277   18.465   18.807
   19.708   20.143   20.433   20.649   20.801   21.061   21.542   21.658   22.172   22.222
   22.379   23.234   23.266   23.493   23.940   24.043   25.260   25.511   25.828   25.862
   26.230   26.540   26.796   26.883   27.105   27.266   27.884   28.215   28.467   28.494
            0.000000  0.000000  0.130251
  -13.661  -13.657  -13.641  -13.639  -13.632  -13.630  -13.625  -13.624  -13.613  -13.612
  -13.602  -13.598  -13.596  -13.595  -13.574  -13.572  -13.563  -13.561  -13.560  -13.556
   -6.011   -5.919   -4.715   -4.576    0.545    0.831    2.688    2.883    3.137    3.529
    4.419    4.529    4.566    4.591    5.450    5.562    5.703    5.742    6.976    7.153
    9.720   10.155   10.237   10.365   11.176   11.526   11.583   11.829   12.369   12.680
   13.234   13.603   13.699   14.087   14.931   15.211   15.457   15.588   15.832   16.068
   16.242   16.312   16.765   16.855   18.060   18.116   18.229   18.304   18.443   18.869
   19.580   20.070   20.426   20.601   20.888   21.126   21.522   21.649   22.091   22.267
   22.506   23.240   23.246   23.555   24.050   24.132   25.169   25.493   25.748   25.807
   26.275   26.470   26.752   27.006   27.121   27.240   27.837   28.228   28.379   28.503
            0.000000  0.000000  0.121568
  -13.662  -13.657  -13.642  -13.639  -13.632  -13.630  -13.625  -13.624  -13.613  -13.612
  -13.602  -13.598  -13.596  -13.595  -13.574  -13.572  -13.563  -13.560  -13.560  -13.555
   -6.019   -5.909   -4.729   -4.564    0.523    0.865    2.656    2.895    3.108    3.571
    4.410    4.541    4.546    4.574    5.450    5.547    5.715    5.801    6.958    7.168
    9.635   10.161   10.248   10.396   11.131   11.503   11.578   11.866   12.404   12.736
   13.191   13.632   13.670   14.127   14.910   15.233   15.425   15.557   15.870   16.059
   16.301   16.332   16.751   16.854   18.013   18.067   18.238   18.335   18.416   18.931
   19.451   19.998   20.394   20.554   20.975   21.190   21.515   21.656   21.962   22.357
   22.637   23.200   23.254   23.661   24.161   24.222   25.074   25.471   25.642   25.781
   26.289   26.402   26.725   27.118   27.144   27.204   27.797   28.246   28.302   28.463
            0.000000  0.000000  0.112884
  -13.662  -13.656  -13.642  -13.639  -13.632  -13.630  -13.625  -13.624  -13.613  -13.612
  -13.602  -13.597  -13.596  -13.594  -13.574  -13.572  -13.563  -13.560  -13.560  -13.555
   -6.026   -5.900   -4.743   -4.553    0.503    0.900    2.623    2.906    3.082    3.612
    4.402    4.525    4.553    4.555    5.453    5.533    5.726    5.863    6.940    7.182
    9.547   10.167   10.261   10.422   11.088   11.482   11.564   11.904   12.452   12.789
   13.147   13.646   13.660   14.165   14.891   15.245   15.394   15.542   15.907   16.046
   16.352   16.361   16.736   16.852   17.967   18.016   18.250   18.370   18.382   18.990
   19.326   19.929   20.347   20.509   21.062   21.243   21.519   21.681   21.837   22.440
   22.770   23.148   23.292   23.777   24.271   24.313   24.977   25.444   25.545   25.744
   26.261   26.341   26.729   27.162   27.170   27.215   27.764   28.243   28.267   28.374
            0.000000  0.000000  0.104201
  -13.662  -13.656  -13.642  -13.639  -13.632  -13.630  -13.626  -13.624  -13.613  -13.612
  -13.603  -13.597  -13.596  -13.594  -13.574  -13.572  -13.563  -13.561  -13.560  -13.555
   -6.033   -5.890   -4.756   -4.542    0.484    0.935    2.587    2.917    3.058    3.652
    4.394    4.504    4.534    4.564    5.458    5.519    5.737    5.927    6.922    7.196
    9.458   10.174   10.275   10.443   11.047   11.462   11.543   11.943   12.509   12.839
   13.103   13.626   13.685   14.201   14.874   15.242   15.364   15.549   15.943   16.031
   16.371   16.420   16.723   16.848   17.925   17.966   18.262   18.341   18.410   19.045
   19.204   19.863   20.292   20.465   21.149   21.274   21.534   21.717   21.729   22.514
   22.906   23.094   23.361   23.890   24.381   24.403   24.881   25.412   25.462   25.691
   26.200   26.290   26.761   27.116   27.197   27.288   27.733   28.211   28.253   28.262
            0.000000  0.000000  0.095517
  -13.663  -13.655  -13.642  -13.638  -13.632  -13.630  -13.626  -13.624  -13.613  -13.612
  -13.603  -13.597  -13.596  -13.594  -13.575  -13.572  -13.563  -13.561  -13.560  -13.555
   -6.039   -5.882   -4.768   -4.532    0.467    0.970    2.549    2.927    3.038    3.691
    4.386    4.483    4.511    4.575    5.465    5.505    5.747    5.994    6.905    7.208
    9.369   10.183   10.290   10.461   11.009   11.444   11.517   11.984   12.571   12.885
   13.058   13.612   13.709   14.235   14.857   15.227   15.337   15.574   15.978   16.017
   16.388   16.475   16.709   16.843   17.889   17.917   18.275   18.293   18.454   19.089
   19.094   19.799   20.235   20.424   21.234   21.278   21.558   21.601   21.798   22.582
   23.041   23.043   23.454   23.991   24.489   24.493   24.788   25.375   25.396   25.621
   26.120   26.252   26.807   27.070   27.222   27.327   27.700   28.119   28.170   28.216
            0.000000  0.000000  0.086834
  -13.663  -13.655  -13.643  -13.638  -13.632  -13.630  -13.626  -13.624  -13.613  -13.612
  -13.603  -13.596  -13.596  -13.594  -13.575  -13.571  -13.563  -13.561  -13.560  -13.554
   -6.045   -5.873   -4.780   -4.522    0.451    1.005    2.511    2.935    3.021    3.729
    4.379    4.463    4.488    4.586    5.473    5.492    5.756    6.061    6.888    7.220
    9.280   10.192   10.305   10.475   10.974   11.428   11.490   12.025   12.636   12.926
   13.012   13.603   13.732   14.267   14.843   15.204   15.312   15.613   16.003   16.011
   16.404   16.524   16.696   16.837   17.860   17.869   18.238   18.289   18.501   18.982
   19.133   19.738   20.184   20.385   21.258   21.317   21.490   21.589   21.883   22.649
   22.991   23.180   23.565   24.075   24.582   24.594   24.702   25.332   25.353   25.534
   26.034   26.226   26.858   27.025   27.245   27.329   27.657   27.988   28.076   28.261
            0.000000  0.000000  0.078151
  -13.663  -13.655  -13.643  -13.638  -13.632  -13.630  -13.626  -13.624  -13.613  -13.612
  -13.603  -13.596  -13.596  -13.594  -13.575  -13.571  -13.564  -13.562  -13.560  -13.554
   -6.051   -5.865   -4.792   -4.514    0.437    1.039    2.472    2.944    3.006    3.766
    4.373    4.444    4.463    4.596    5.480    5.481    5.765    6.129    6.872    7.230
    9.194   10.203   10.321   10.484   10.940   11.413   11.463   12.066   12.700   12.960
   12.966   13.601   13.752   14.296   14.829   15.179   15.288   15.661   15.990   16.043
   16.417   16.566   16.684   16.829   17.825   17.840   18.176   18.302   18.551   18.884
   19.161   19.680   20.143   20.349   21.220   21.385   21.398   21.625   21.980   22.714
   22.945   23.318   23.684   24.137   24.626   24.670   24.695   25.283   25.337   25.434
   25.947   26.209   26.908   26.980   27.264   27.300   27.587   27.881   27.990   28.340
            0.000000  0.000000  0.069467
  -13.663  -13.654  -13.643  -13.638  -13.632  -13.629  -13.626  -13.623  -13.613  -13.612
  -13.604  -13.596  -13.596  -13.594  -13.575  -13.571  -13.564  -13.562  -13.560  -13.554
   -6.055   -5.858   -4.802   -4.506    0.424    1.072    2.434    2.951    2.993    3.802
    4.367    4.426    4.439    4.606    5.469    5.489    5.772    6.196    6.856    7.240
    9.111   10.214   10.337   10.490   10.910   11.399   11.437   12.109   12.763   12.920
   12.988   13.604   13.770   14.322   14.817   15.154   15.267   15.715   15.978   16.072
   16.427   16.599   16.673   16.822   17.783   17.830   18.110   18.315   18.602   18.796
   19.173   19.624   20.119   20.315   21.167   21.287   21.475   21.665   22.082   22.779
   22.903   23.455   23.800   24.173   24.569   24.755   24.791   25.228   25.325   25.352
   25.864   26.197   26.938   26.956   27.251   27.277   27.481   27.813   27.917   28.257
            0.000000  0.000000  0.060784
  -13.664  -13.654  -13.643  -13.638  -13.632  -13.629  -13.626  -13.623  -13.613  -13.612
  -13.604  -13.596  -13.595  -13.594  -13.575  -13.571  -13.564  -13.562  -13.559  -13.554
   -6.060   -5.851   -4.812   -4.499    0.412    1.104    2.397    2.958    2.983    3.836
    4.362    4.410    4.414    4.615    5.458    5.498    5.779    6.260    6.840    7.248
    9.033   10.227   10.353   10.493   10.881   11.387   11.412   12.151   12.822   12.873
   13.009   13.612   13.787   14.346   14.807   15.130   15.248   15.773   15.967   16.099
   16.434   16.625   16.663   16.814   17.745   17.830   18.040   18.327   18.655   18.720
   19.168   19.572   20.114   20.285   21.105   21.196   21.548   21.705   22.187   22.841
   22.865   23.590   23.900   24.183   24.543   24.836   24.877   25.167   25.211   25.396
   25.788   26.186   26.897   26.999   27.191   27.283   27.350   27.774   27.861   28.094
            0.000000  0.000000  0.052100
  -13.664  -13.653  -13.644  -13.638  -13.632  -13.629  -13.627  -13.623  -13.613  -13.612
  -13.604  -13.596  -13.595  -13.594  -13.575  -13.571  -13.564  -13.563  -13.559  -13.554
   -6.064   -5.845   -4.820   -4.493    0.402    1.134    2.362    2.963    2.974    3.868
    4.358    4.390    4.396    4.622    5.449    5.505    5.785    6.322    6.825    7.255
    8.960   10.240   10.369   10.492   10.856   11.377   11.391   12.194   12.828   12.875
   13.025   13.623   13.801   14.366   14.798   15.109   15.232   15.832   15.957   16.123
   16.437   16.643   16.655   16.806   17.711   17.839   17.970   18.338   18.655   18.708
   19.149   19.522   20.127   20.259   21.036   21.115   21.615   21.745   22.293   22.832
   22.898   23.725   23.969   24.175   24.560   24.912   24.945   25.096   25.112   25.462
   25.718   26.172   26.859   27.037   27.127   27.214   27.280   27.751   27.824   27.938
            0.000000  0.000000  0.043417
  -13.664  -13.653  -13.644  -13.638  -13.632  -13.629  -13.627  -13.623  -13.613  -13.612
  -13.604  -13.596  -13.595  -13.594  -13.575  -13.571  -13.564  -13.563  -13.559  -13.553
   -6.067   -5.839   -4.827   -4.487    0.394    1.161    2.331    2.966    2.968    3.898
    4.354    4.366    4.383    4.629    5.440    5.512    5.790    6.380    6.811    7.261
    8.895   10.252   10.383   10.489   10.832   11.368   11.372   12.236   12.783   12.922
   13.036   13.637   13.813   14.383   14.790   15.091   15.218   15.891   15.948   16.145
   16.436   16.647   16.654   16.798   17.683   17.857   17.903   18.348   18.601   18.760
   19.119   19.475   20.157   20.236   20.963   21.043   21.675   21.783   22.398   22.804
   22.942   23.856   24.004   24.154   24.618   24.950   24.982   24.989   25.104   25.544
   25.656   26.150   26.823   27.064   27.069   27.087   27.268   27.737   27.790   27.809
            0.000000  0.000000  0.034734
  -13.664  -13.653  -13.644  -13.638  -13.632  -13.629  -13.627  -13.623  -13.613  -13.612
  -13.604  -13.596  -13.595  -13.594  -13.575  -13.571  -13.564  -13.563  -13.559  -13.553
   -6.069   -5.835   -4.833   -4.483    0.387    1.185    2.303    2.961    2.973    3.925
    4.345    4.351    4.373    4.635    5.434    5.518    5.795    6.432    6.797    7.267
    8.839   10.265   10.397   10.485   10.812   11.357   11.361   12.277   12.740   12.962
   13.043   13.650   13.823   14.397   14.784   15.076   15.206   15.941   15.948   16.163
   16.430   16.641   16.660   16.792   17.660   17.840   17.878   18.356   18.558   18.810
   19.084   19.432   20.200   20.217   20.889   20.983   21.727   21.817   22.500   22.780
   22.970   23.986   24.022   24.127   24.683   24.884   24.912   25.043   25.153   25.600
   25.631   26.116   26.788   26.978   27.007   27.096   27.250   27.655   27.727   27.814
            0.000000  0.000000  0.026050
  -13.664  -13.653  -13.644  -13.638  -13.632  -13.629  -13.627  -13.623  -13.613  -13.612
  -13.604  -13.596  -13.595  -13.593  -13.575  -13.571  -13.564  -13.563  -13.559  -13.553
   -6.072   -5.831   -4.838   -4.480    0.382    1.205    2.280    2.956    2.976    3.948
    4.326    4.349    4.365    4.640    5.428    5.523    5.798    6.477    6.783    7.270
    8.793   10.276   10.408   10.479   10.796   11.345   11.355   12.316   12.699   12.994
   13.047   13.663   13.831   14.408   14.779   15.064   15.197   15.935   16.000   16.177
   16.421   16.636   16.662   16.786   17.643   17.786   17.901   18.363   18.525   18.854
   19.048   19.394   20.203   20.250   20.816   20.934   21.769   21.844   22.599   22.762
   22.977   24.039   24.101   24.111   24.675   24.796   24.928   25.094   25.210   25.550
   25.715   26.068   26.757   26.897   26.958   27.119   27.229   27.538   27.720   27.834
            0.000000  0.000000  0.017367
  -13.664  -13.653  -13.644  -13.638  -13.632  -13.629  -13.627  -13.623  -13.613  -13.612
  -13.604  -13.596  -13.595  -13.593  -13.576  -13.571  -13.564  -13.563  -13.559  -13.553
   -6.073   -5.829   -4.842   -4.477    0.378    1.219    2.263    2.953    2.978    3.965
    4.311    4.347    4.359    4.643    5.424    5.526    5.800    6.512    6.772    7.273
    8.760   10.285   10.417   10.474   10.784   11.336   11.351   12.349   12.664   13.017
   13.050   13.673   13.837   14.416   14.776   15.056   15.191   15.931   16.043   16.187
   16.410   16.632   16.663   16.782   17.633   17.743   17.921   18.368   18.502   18.891
   19.018   19.362   20.192   20.302   20.750   20.898   21.801   21.865   22.691   22.749
   22.960   24.061   24.079   24.232   24.610   24.699   25.009   25.132   25.261   25.507
   25.785   26.012   26.730   26.843   26.921   27.137   27.209   27.446   27.715   27.864
            0.000000  0.000000  0.008683
  -13.664  -13.652  -13.644  -13.638  -13.632  -13.629  -13.627  -13.623  -13.613  -13.612
  -13.604  -13.596  -13.594  -13.593  -13.576  -13.571  -13.564  -13.563  -13.559  -13.553
   -6.074   -5.827   -4.844   -4.476    0.376    1.228    2.252    2.951    2.979    3.977
    4.301    4.346    4.356    4.645    5.422    5.529    5.802    6.535    6.763    7.275
    8.739   10.291   10.423   10.470   10.776   11.331   11.349   12.374   12.639   13.032
   13.051   13.679   13.840   14.421   14.774   15.051   15.187   15.929   16.073   16.194
   16.401   16.630   16.662   16.779   17.628   17.715   17.935   18.371   18.488   18.915
   18.998   19.341   20.186   20.344   20.699   20.877   21.820   21.878   22.741   22.774
   22.922   24.065   24.084   24.344   24.551   24.601   25.081   25.156   25.301   25.472
   25.833   25.963   26.712   26.815   26.897   27.151   27.192   27.385   27.713   27.895
            0.000000  0.000000  0.000000
  -13.664  -13.652  -13.644  -13.638  -13.632  -13.629  -13.627  -13.623  -13.613  -13.612
  -13.604  -13.596  -13.594  -13.593  -13.576  -13.571  -13.564  -13.563  -13.559  -13.553
   -6.074   -5.827   -4.844   -4.475    0.375    1.231    2.249    2.951    2.980    3.981
    4.297    4.345    4.354    4.646    5.421    5.529    5.802    6.544    6.760    7.276
    8.732   10.294   10.425   10.469   10.773   11.329   11.348   12.383   12.629   13.036
   13.052   13.682   13.841   14.422   14.773   15.050   15.186   15.928   16.083   16.196
   16.397   16.629   16.662   16.778   17.627   17.705   17.940   18.372   18.483   18.924
   18.991   19.333   20.183   20.362   20.678   20.869   21.826   21.882   22.739   22.825
   22.886   24.060   24.095   24.414   24.528   24.536   25.109   25.165   25.318   25.457
   25.850   25.944   26.706   26.806   26.889   27.159   27.183   27.364   27.712   27.910
