 &plot nbnd= 100, nks=    61 /
            0.000000  0.000000  0.000000
  -20.489  -20.484  -20.471  -20.468  -20.461  -20.459  -20.455  -20.453  -20.440  -20.438
  -20.425  -20.422  -20.419  -20.404  -20.402  -20.400  -20.398  -20.389  -20.386  -20.382
  -12.825  -12.691  -11.532  -11.358   -6.254   -5.791   -4.109   -3.852   -3.696   -2.991
   -2.600   -2.397   -2.294   -2.236   -1.269   -1.251   -1.090   -0.933    0.157    0.446
    2.049    3.069    3.501    3.561    3.940    4.145    4.723    4.741    5.070    5.301
    5.309    5.705    6.058    6.271    6.701    6.827    7.041    7.426    7.887    7.953
    8.268    8.475    8.646    8.749    9.344    9.479    9.505    9.599    9.899    9.963
   10.409   10.620   10.926   11.108   11.541   11.555   11.590   11.616   12.075   12.096
   12.323   12.422   12.481   12.722   12.806   13.113   13.317   13.492   13.545   13.607
   13.724   13.828   13.856   14.039   14.451   14.497   14.518   14.556   14.976   15.058
            0.025000  0.000000  0.000000
  -20.489  -20.484  -20.470  -20.468  -20.461  -20.459  -20.455  -20.453  -20.440  -20.438
  -20.426  -20.422  -20.419  -20.404  -20.402  -20.400  -20.398  -20.389  -20.386  -20.382
  -12.821  -12.687  -11.530  -11.357   -6.258   -5.797   -4.116   -3.869   -3.695   -2.987
   -2.597   -2.416   -2.277   -2.240   -1.275   -1.251   -1.091   -0.919    0.157    0.445
    2.054    3.075    3.519    3.578    3.947    4.127    4.711    4.726    5.076    5.205
    5.373    5.723    6.076    6.240    6.710    6.802    7.040    7.425    7.870    7.924
    8.221    8.426    8.671    8.728    9.356    9.482    9.541    9.607    9.928   10.003
   10.432   10.644   10.947   11.126   11.484   11.555   11.595   11.750   12.083   12.106
   12.324   12.434   12.492   12.694   12.803   13.098   13.304   13.400   13.521   13.528
   13.677   13.834   13.989   14.092   14.220   14.295   14.614   14.871   14.943   15.056
            0.050000  0.000000  0.000000
  -20.488  -20.483  -20.470  -20.467  -20.462  -20.459  -20.455  -20.454  -20.439  -20.438
  -20.426  -20.422  -20.419  -20.404  -20.402  -20.400  -20.397  -20.389  -20.386  -20.382
  -12.809  -12.676  -11.525  -11.353   -6.270   -5.813   -4.139   -3.917   -3.692   -2.976
   -2.590   -2.454   -2.253   -2.243   -1.290   -1.250   -1.092   -0.880    0.157    0.442
    2.068    3.090    3.573    3.627    3.965    4.069    4.639    4.731    5.076    5.092
    5.419    5.765    6.121    6.156    6.732    6.734    7.036    7.416    7.815    7.839
    8.105    8.334    8.696    8.701    9.317    9.496    9.649    9.676    9.995   10.103
   10.513   10.718   11.006   11.177   11.413   11.561   11.744   11.889   12.102   12.125
   12.331   12.451   12.535   12.587   12.806   13.033   13.181   13.388   13.455   13.588
   13.613   13.633   13.743   14.080   14.355   14.395   14.658   14.729   14.758   15.048
            0.075000  0.000000  0.000000
  -20.487  -20.483  -20.469  -20.467  -20.462  -20.460  -20.455  -20.454  -20.439  -20.438
  -20.426  -20.421  -20.419  -20.405  -20.403  -20.400  -20.397  -20.390  -20.386  -20.382
  -12.790  -12.657  -11.517  -11.348   -6.289   -5.840   -4.180   -3.995   -3.684   -2.956
   -2.577   -2.496   -2.271   -2.205   -1.307   -1.251   -1.090   -0.823    0.155    0.435
    2.092    3.114    3.655    3.696    3.965    3.986    4.559    4.719    4.952    5.119
    5.457    5.814    6.033    6.171    6.630    6.762    7.035    7.392    7.700    7.720
    7.985    8.241    8.694    8.700    9.232    9.524    9.742    9.841   10.067   10.228
   10.667   10.840   11.087   11.267   11.390   11.586   11.960   11.988   12.090   12.115
   12.350   12.458   12.476   12.587   12.816   12.960   13.111   13.247   13.423   13.427
   13.553   13.688   13.696   13.854   14.268   14.340   14.721   14.762   14.849   14.989
            0.100000  0.000000  0.000000
  -20.486  -20.482  -20.468  -20.466  -20.463  -20.461  -20.456  -20.455  -20.439  -20.437
  -20.427  -20.421  -20.420  -20.405  -20.403  -20.400  -20.397  -20.390  -20.385  -20.382
  -12.763  -12.632  -11.506  -11.341   -6.315   -5.878   -4.241   -4.100   -3.669   -2.929
   -2.562   -2.536   -2.289   -2.165   -1.321   -1.256   -1.080   -0.757    0.152    0.425
    2.125    3.145    3.710    3.755    3.882    3.996    4.489    4.643    4.901    5.155
    5.494    5.822    5.924    6.205    6.514    6.783    7.050    7.332    7.539    7.592
    7.907    8.151    8.700    8.700    9.128    9.560    9.888    9.980   10.127   10.372
   10.892   10.995   11.158   11.394   11.401   11.634   11.889   12.042   12.070   12.251
   12.377   12.450   12.515   12.612   12.718   12.943   13.010   13.175   13.290   13.467
   13.519   13.641   13.755   13.765   14.085   14.133   14.703   14.822   14.983   15.175
            0.125000  0.000000  0.000000
  -20.485  -20.481  -20.467  -20.465  -20.463  -20.461  -20.457  -20.455  -20.438  -20.437
  -20.427  -20.421  -20.420  -20.406  -20.404  -20.400  -20.396  -20.391  -20.385  -20.382
  -12.729  -12.599  -11.492  -11.333   -6.349   -5.925   -4.322   -4.229   -3.644   -2.895
   -2.572   -2.547   -2.302   -2.123   -1.331   -1.264   -1.060   -0.685    0.146    0.409
    2.168    3.178    3.544    3.847    3.949    3.974    4.426    4.537    4.919    5.202
    5.529    5.684    5.941    6.202    6.409    6.798    7.080    7.199    7.442    7.461
    7.873    8.058    8.700    8.709    9.034    9.602   10.055   10.081   10.190   10.537
   11.120   11.171   11.193   11.410   11.519   11.628   11.784   11.973   12.062   12.317
   12.454   12.469   12.550   12.653   12.674   12.961   13.115   13.128   13.227   13.268
   13.465   13.717   13.722   13.814   14.052   14.132   14.509   14.858   14.961   15.091
            0.150000  0.000000  0.000000
  -20.484  -20.480  -20.465  -20.465  -20.462  -20.462  -20.457  -20.456  -20.438  -20.436
  -20.428  -20.421  -20.420  -20.406  -20.405  -20.400  -20.395  -20.391  -20.385  -20.381
  -12.688  -12.560  -11.477  -11.324   -6.389   -5.980   -4.423   -4.376   -3.608   -2.855
   -2.600   -2.536   -2.300   -2.080   -1.335   -1.275   -1.031   -0.611    0.136    0.390
    2.219    3.191    3.350    3.827    3.979    4.021    4.374    4.469    4.962    5.258
    5.513    5.562    5.977    6.138    6.347    6.809    7.029    7.104    7.381    7.432
    7.866    7.966    8.677    8.726    8.982    9.648   10.146   10.155   10.341   10.706
   11.109   11.122   11.376   11.447   11.547   11.659   11.890   11.906   12.042   12.063
   12.495   12.519   12.639   12.767   12.914   12.940   13.013   13.090   13.265   13.303
   13.414   13.717   13.753   13.954   14.103   14.246   14.321   14.741   14.915   14.996
            0.175000  0.000000  0.000000
  -20.482  -20.479  -20.466  -20.465  -20.462  -20.461  -20.458  -20.457  -20.437  -20.436
  -20.428  -20.421  -20.420  -20.407  -20.406  -20.400  -20.395  -20.391  -20.384  -20.381
  -12.640  -12.514  -11.461  -11.316   -6.434   -6.042   -4.541   -4.538   -3.563   -2.810
   -2.617   -2.532   -2.279   -2.034   -1.334   -1.285   -0.993   -0.539    0.121    0.366
    2.277    3.042    3.309    3.678    4.014    4.023    4.352    4.441    5.018    5.308
    5.362    5.591    6.004    6.022    6.317    6.813    6.900    7.089    7.418    7.483
    7.869    7.883    8.633    8.743    8.984    9.700   10.184   10.205   10.546   10.809
   10.890   11.008   11.348   11.543   11.633   11.714   11.853   11.871   12.079   12.121
   12.500   12.580   12.605   12.757   12.891   13.007   13.141   13.238   13.380   13.402
   13.520   13.756   13.802   13.983   14.075   14.293   14.312   14.721   14.776   15.092
            0.200000  0.000000  0.000000
  -20.480  -20.478  -20.467  -20.466  -20.460  -20.459  -20.458  -20.457  -20.436  -20.435
  -20.429  -20.421  -20.421  -20.407  -20.407  -20.401  -20.394  -20.391  -20.384  -20.381
  -12.585  -12.462  -11.445  -11.309   -6.484   -6.108   -4.710   -4.672   -3.508   -2.764
   -2.621   -2.531   -2.239   -1.987   -1.329   -1.295   -0.949   -0.473    0.101    0.338
    2.344    2.816    3.350    3.492    3.943    4.005    4.343    4.419    5.083    5.187
    5.408    5.615    5.868    6.014    6.297    6.814    6.864    7.083    7.545    7.587
    7.824    7.873    8.601    8.758    9.019    9.756   10.215   10.217   10.584   10.677
   10.809   11.058   11.075   11.671   11.708   11.711   11.723   11.826   12.244   12.277
   12.353   12.681   12.716   12.740   12.969   13.027   13.229   13.384   13.547   13.597
   13.696   13.774   13.889   13.893   14.054   14.326   14.384   14.758   14.876   15.185
            0.225000  0.000000  0.000000
  -20.479  -20.477  -20.468  -20.467  -20.459  -20.458  -20.457  -20.457  -20.436  -20.435
  -20.429  -20.421  -20.420  -20.408  -20.407  -20.402  -20.393  -20.391  -20.384  -20.380
  -12.525  -12.405  -11.429  -11.304   -6.536   -6.176   -4.890   -4.815   -3.445   -2.720
   -2.606   -2.529   -2.184   -1.937   -1.322   -1.305   -0.899   -0.415    0.075    0.310
    2.416    2.591    3.298    3.399    3.819    3.949    4.298    4.374    5.062    5.154
    5.481    5.614    5.698    5.998    6.291    6.850    6.941    7.114    7.683    7.719
    7.829    7.891    8.603    8.775    9.070    9.808   10.130   10.223   10.405   10.535
   10.727   11.005   11.107   11.516   11.551   11.734   11.838   11.866   12.182   12.401
   12.532   12.795   12.818   12.886   12.948   13.094   13.242   13.381   13.658   13.700
   13.817   13.944   13.999   14.049   14.071   14.434   14.497   14.847   14.981   15.149
            0.250000  0.000000  0.000000
  -20.478  -20.477  -20.469  -20.469  -20.458  -20.458  -20.456  -20.456  -20.435  -20.434
  -20.430  -20.422  -20.420  -20.409  -20.408  -20.403  -20.392  -20.390  -20.383  -20.380
  -12.459  -12.342  -11.416  -11.302   -6.587   -6.243   -5.073   -4.965   -3.374   -2.685
   -2.569   -2.521   -2.117   -1.887   -1.314   -1.313   -0.845   -0.370    0.044    0.282
    2.382    2.490    3.111    3.447    3.674    3.857    4.209    4.295    4.948    5.227
    5.440    5.539    5.674    5.964    6.303    6.939    7.116    7.184    7.716    7.794
    7.998    8.002    8.644    8.804    9.129    9.812    9.937   10.125   10.366   10.445
   10.457   11.078   11.088   11.344   11.380   11.681   11.931   12.019   12.194   12.525
   12.693   12.778   12.891   12.918   13.100   13.150   13.172   13.369   13.783   13.871
   13.902   14.012   14.209   14.244   14.323   14.448   14.647   14.990   15.013   15.145
            0.275000  0.000000  0.000000
  -20.477  -20.477  -20.470  -20.470  -20.458  -20.457  -20.454  -20.454  -20.435  -20.434
  -20.430  -20.422  -20.420  -20.409  -20.409  -20.405  -20.391  -20.389  -20.383  -20.380
  -12.388  -12.275  -11.406  -11.305   -6.636   -6.305   -5.256   -5.120   -3.295   -2.654
   -2.514   -2.505   -2.041   -1.839   -1.325   -1.304   -0.789   -0.341    0.008    0.254
    2.198    2.557    2.947    3.484    3.519    3.743    4.100    4.190    4.830    5.196
    5.310    5.556    5.694    5.945    6.337    7.053    7.298    7.361    7.751    7.811
    8.204    8.213    8.722    8.861    9.186    9.688    9.708   10.060   10.175   10.367
   10.444   10.937   10.985   11.174   11.459   11.635   12.044   12.129   12.271   12.474
   12.726   12.812   12.847   12.892   13.172   13.238   13.357   13.458   13.937   14.015
   14.034   14.145   14.237   14.383   14.414   14.608   14.787   15.120   15.163   15.209
            0.300000  0.000000  0.000000
  -20.478  -20.477  -20.472  -20.471  -20.457  -20.456  -20.452  -20.452  -20.434  -20.433
  -20.430  -20.423  -20.420  -20.410  -20.410  -20.406  -20.390  -20.389  -20.382  -20.379
  -12.312  -12.205  -11.400  -11.313   -6.680   -6.361   -5.438   -5.276   -3.211   -2.621
   -2.480   -2.451   -1.958   -1.794   -1.339   -1.296   -0.732   -0.328   -0.032    0.224
    2.048    2.579    2.845    3.360    3.495    3.620    4.010    4.070    4.700    4.967
    5.351    5.511    5.733    5.976    6.392    7.153    7.429    7.626    7.857    7.868
    8.390    8.423    8.831    8.968    9.215    9.498    9.511    9.856   10.191   10.235
   10.440   10.750   10.809   11.155   11.603   11.610   12.099   12.174   12.299   12.328
   12.686   12.702   12.968   12.989   13.305   13.341   13.559   13.595   14.017   14.060
   14.097   14.143   14.369   14.372   14.525   14.881   14.912   15.176   15.367   15.420
            0.325000  0.000000  0.000000
  -20.478  -20.477  -20.473  -20.472  -20.456  -20.454  -20.451  -20.451  -20.434  -20.433
  -20.429  -20.424  -20.420  -20.411  -20.411  -20.408  -20.389  -20.388  -20.382  -20.379
  -12.233  -12.132  -11.400  -11.328   -6.716   -6.407   -5.615   -5.431   -3.120   -2.585
   -2.447   -2.385   -1.871   -1.755   -1.357   -1.291   -0.677   -0.327   -0.073    0.186
    1.939    2.509    2.848    3.198    3.469    3.500    3.948    3.968    4.559    4.737
    5.358    5.417    5.804    6.051    6.466    7.232    7.534    7.757    8.081    8.094
    8.487    8.616    8.955    9.083    9.169    9.343    9.433    9.706   10.086   10.157
   10.409   10.485   10.833   11.190   11.610   11.745   11.900   12.137   12.232   12.354
   12.665   12.730   13.093   13.138   13.440   13.449   13.662   13.752   13.875   14.024
   14.116   14.169   14.362   14.583   14.661   15.051   15.152   15.226   15.512   15.613
            0.350000  0.000000  0.000000
  -20.479  -20.477  -20.474  -20.473  -20.455  -20.453  -20.450  -20.449  -20.434  -20.433
  -20.429  -20.424  -20.419  -20.412  -20.411  -20.409  -20.388  -20.387  -20.381  -20.379
  -12.151  -12.056  -11.407  -11.350   -6.740   -6.440   -5.785   -5.582   -3.026   -2.547
   -2.406   -2.319   -1.782   -1.724   -1.379   -1.288   -0.628   -0.333   -0.114    0.133
    1.878    2.405    2.886    3.035    3.401    3.413    3.836    3.972    4.415    4.517
    5.299    5.327    5.908    6.151    6.557    7.287    7.634    7.796    8.333    8.421
    8.558    8.695    8.980    9.002    9.239    9.379    9.425    9.722    9.965    9.967
   10.227   10.493   10.939   11.219   11.641   11.654   11.828   12.020   12.129   12.501
   12.729   12.779   13.206   13.295   13.455   13.528   13.645   13.829   13.919   13.980
   14.031   14.152   14.489   14.627   14.909   15.196   15.264   15.332   15.390   15.497
            0.375000  0.000000  0.000000
  -20.480  -20.478  -20.475  -20.474  -20.453  -20.452  -20.449  -20.448  -20.433  -20.432
  -20.429  -20.425  -20.419  -20.412  -20.412  -20.410  -20.387  -20.386  -20.381  -20.379
  -12.068  -11.981  -11.421  -11.380   -6.752   -6.459   -5.946   -5.727   -2.929   -2.510
   -2.360   -2.259   -1.703   -1.696   -1.404   -1.289   -0.586   -0.339   -0.151    0.061
    1.866    2.311    2.875    2.888    3.352    3.353    3.741    3.994    4.281    4.316
    5.175    5.270    6.033    6.265    6.663    7.318    7.752    7.822    8.338    8.584
    8.768    8.780    8.848    9.103    9.374    9.427    9.435    9.723    9.926    9.934
   10.000   10.610   11.069   11.196   11.414   11.702   11.706   12.074   12.107   12.665
   12.786   12.803   13.257   13.303   13.453   13.596   13.635   13.766   13.807   14.083
   14.187   14.196   14.571   14.593   15.059   15.091   15.295   15.337   15.368   15.434
            0.400000  0.000000  0.000000
  -20.480  -20.479  -20.476  -20.475  -20.452  -20.450  -20.448  -20.447  -20.433  -20.432
  -20.428  -20.425  -20.419  -20.413  -20.412  -20.411  -20.386  -20.386  -20.380  -20.378
  -11.984  -11.905  -11.443  -11.418   -6.749   -6.461   -6.096   -5.864   -2.832   -2.477
   -2.311   -2.207   -1.691   -1.623   -1.426   -1.291   -0.553   -0.340   -0.182   -0.026
    1.897    2.240    2.721    2.822    3.306    3.370    3.672    3.994    4.141    4.181
    5.056    5.198    6.171    6.384    6.779    7.328    7.831    7.890    8.218    8.461
    8.632    9.038    9.172    9.223    9.353    9.480    9.524    9.544    9.869    9.983
   10.171   10.730   11.101   11.104   11.291   11.570   11.791   12.112   12.249   12.760
   12.795   12.849   13.108   13.277   13.484   13.517   13.611   13.705   13.957   14.170
   14.300   14.356   14.522   14.591   14.838   15.003   15.120   15.157   15.478   15.485
            0.425000  0.000000  0.000000
  -20.481  -20.480  -20.477  -20.476  -20.451  -20.449  -20.447  -20.446  -20.433  -20.432
  -20.428  -20.426  -20.418  -20.413  -20.413  -20.412  -20.386  -20.385  -20.380  -20.378
  -11.901  -11.832  -11.473  -11.464   -6.729   -6.447   -6.233   -5.990   -2.737   -2.455
   -2.262   -2.168   -1.684   -1.581   -1.427   -1.294   -0.525   -0.334   -0.207   -0.121
    1.965    2.198    2.578    2.710    3.283    3.413    3.633    3.929    4.008    4.146
    4.959    5.119    6.312    6.499    6.903    7.319    7.797    8.009    8.092    8.393
    8.537    9.011    9.251    9.282    9.476    9.506    9.594    9.626    9.967   10.085
   10.371   10.808   10.934   10.973   11.330   11.594   11.899   12.218   12.394   12.646
   12.763   12.978   13.049   13.083   13.256   13.555   13.657   13.823   14.104   14.162
   14.426   14.438   14.523   14.589   14.664   14.776   14.925   15.013   15.248   15.429
            0.450000  0.000000  0.000000
  -20.481  -20.480  -20.477  -20.476  -20.450  -20.449  -20.447  -20.446  -20.433  -20.432
  -20.428  -20.426  -20.417  -20.414  -20.413  -20.412  -20.385  -20.385  -20.379  -20.378
  -11.821  -11.764  -11.516  -11.511   -6.691   -6.420   -6.350   -6.105   -2.649   -2.451
   -2.216   -2.145   -1.677   -1.585   -1.396   -1.300   -0.496   -0.325   -0.227   -0.213
    2.060    2.186    2.451    2.579    3.286    3.432    3.625    3.835    3.942    4.126
    4.897    5.040    6.448    6.596    7.030    7.296    7.718    7.866    8.231    8.402
    8.499    8.883    9.094    9.104    9.608    9.688    9.788    9.834   10.098   10.247
   10.457   10.729   10.845   10.864   11.399   11.780   12.011   12.332   12.495   12.530
   12.713   12.771   12.963   13.023   13.233   13.612   13.623   13.969   14.141   14.186
   14.368   14.375   14.516   14.589   14.683   14.689   14.850   14.964   15.017   15.237
            0.475000  0.000000  0.000000
  -20.481  -20.481  -20.477  -20.477  -20.449  -20.449  -20.446  -20.446  -20.433  -20.432
  -20.427  -20.427  -20.417  -20.415  -20.413  -20.413  -20.385  -20.384  -20.379  -20.378
  -11.747  -11.706  -11.569  -11.555   -6.635   -6.473   -6.355   -6.205   -2.571   -2.468
   -2.178   -2.139   -1.663   -1.612   -1.357   -1.310   -0.456   -0.341   -0.268   -0.246
    2.174    2.207    2.346    2.443    3.313    3.407    3.642    3.750    3.955    4.082
    4.883    4.968    6.565    6.651    7.148    7.269    7.639    7.714    8.404    8.455
    8.507    8.750    8.939    8.942    9.734    9.767    9.986    9.992   10.182   10.369
   10.434   10.665   10.763   10.803   11.591   11.998   12.034   12.351   12.400   12.602
   12.622   12.667   12.830   12.875   13.437   13.573   13.665   13.911   14.135   14.224
   14.281   14.376   14.406   14.563   14.746   14.766   14.791   14.937   15.062   15.089
            0.500000  0.000000  0.000000
  -20.481  -20.481  -20.477  -20.477  -20.449  -20.449  -20.446  -20.446  -20.432  -20.432
  -20.427  -20.427  -20.416  -20.416  -20.413  -20.413  -20.385  -20.384  -20.379  -20.379
  -11.692  -11.692  -11.590  -11.590   -6.561   -6.561   -6.289   -6.289   -2.509   -2.509
   -2.151   -2.151   -1.641   -1.641   -1.327   -1.327   -0.402   -0.402   -0.263   -0.263
    2.252    2.252    2.314    2.314    3.358    3.358    3.684    3.684    4.016    4.016
    4.911    4.911    6.640    6.640    7.231    7.231    7.626    7.626    8.490    8.491
    8.602    8.602    8.870    8.870    9.794    9.794   10.064   10.064   10.248   10.248
   10.574   10.574   10.760   10.760   11.840   11.840   12.208   12.208   12.467   12.467
   12.676   12.676   12.791   12.791   13.571   13.571   13.725   13.725   14.160   14.160
   14.325   14.325   14.501   14.501   14.733   14.733   14.853   14.853   15.194   15.194
            0.500000  0.021823  0.000000
  -20.481  -20.481  -20.477  -20.477  -20.449  -20.449  -20.446  -20.446  -20.432  -20.432
  -20.427  -20.427  -20.416  -20.416  -20.413  -20.413  -20.385  -20.384  -20.379  -20.379
  -11.691  -11.691  -11.589  -11.589   -6.559   -6.559   -6.287   -6.287   -2.517   -2.517
   -2.164   -2.164   -1.655   -1.655   -1.329   -1.329   -0.403   -0.403   -0.263   -0.263
    2.232    2.232    2.333    2.333    3.379    3.379    3.718    3.718    4.026    4.026
    4.912    4.912    6.641    6.641    7.234    7.234    7.623    7.623    8.482    8.483
    8.541    8.541    8.941    8.941    9.774    9.774   10.052   10.052   10.243   10.244
   10.615   10.615   10.767   10.767   11.838   11.838   12.218   12.218   12.467   12.467
   12.680   12.680   12.793   12.793   13.453   13.453   13.755   13.755   14.137   14.137
   14.276   14.276   14.451   14.452   14.726   14.726   14.870   14.870   15.183   15.183
            0.500000  0.043647  0.000000
  -20.481  -20.481  -20.477  -20.477  -20.449  -20.449  -20.446  -20.446  -20.432  -20.432
  -20.427  -20.427  -20.416  -20.416  -20.413  -20.413  -20.385  -20.384  -20.379  -20.379
  -11.688  -11.688  -11.586  -11.586   -6.551   -6.551   -6.282   -6.282   -2.542   -2.542
   -2.201   -2.201   -1.693   -1.693   -1.338   -1.338   -0.414   -0.414   -0.259   -0.259
    2.195    2.195    2.370    2.370    3.440    3.440    3.809    3.809    4.058    4.058
    4.914    4.914    6.644    6.644    7.244    7.244    7.615    7.616    8.404    8.404
    8.503    8.503    9.063    9.063    9.725    9.725   10.021   10.022   10.247   10.247
   10.704   10.704   10.796   10.797   11.832   11.832   12.244   12.244   12.467   12.467
   12.692   12.692   12.797   12.797   13.269   13.269   13.635   13.635   14.082   14.082
   14.258   14.258   14.362   14.362   14.558   14.558   15.005   15.005   15.262   15.263
            0.500000  0.065470  0.000000
  -20.481  -20.481  -20.477  -20.477  -20.449  -20.449  -20.446  -20.446  -20.432  -20.432
  -20.427  -20.426  -20.416  -20.416  -20.413  -20.412  -20.385  -20.384  -20.379  -20.379
  -11.683  -11.683  -11.581  -11.581   -6.538   -6.538   -6.272   -6.272   -2.584   -2.584
   -2.260   -2.260   -1.744   -1.744   -1.357   -1.357   -0.444   -0.444   -0.246   -0.246
    2.164    2.164    2.423    2.424    3.537    3.537    3.920    3.920    4.131    4.131
    4.918    4.918    6.648    6.648    7.259    7.259    7.600    7.601    8.299    8.299
    8.499    8.499    9.156    9.156    9.681    9.681    9.982    9.982   10.275   10.275
   10.767   10.767   10.886   10.886   11.825   11.825   12.275   12.275   12.462   12.462
   12.708   12.708   12.803   12.803   13.091   13.091   13.402   13.402   13.948   13.948
   14.131   14.131   14.373   14.374   14.492   14.492   15.024   15.025   15.385   15.386
            0.500000  0.087294  0.000000
  -20.482  -20.482  -20.478  -20.478  -20.449  -20.449  -20.446  -20.446  -20.432  -20.432
  -20.426  -20.426  -20.416  -20.416  -20.412  -20.412  -20.385  -20.385  -20.379  -20.379
  -11.676  -11.675  -11.574  -11.574   -6.521   -6.521   -6.259   -6.259   -2.642   -2.642
   -2.337   -2.337   -1.801   -1.801   -1.388   -1.388   -0.497   -0.497   -0.232   -0.232
    2.150    2.150    2.502    2.502    3.655    3.655    4.020    4.020    4.264    4.264
    4.930    4.930    6.653    6.653    7.279    7.279    7.577    7.578    8.217    8.217
    8.497    8.497    9.177    9.178    9.680    9.680    9.944    9.944   10.324   10.324
   10.813   10.814   11.012   11.012   11.819   11.819   12.291   12.291   12.449   12.449
   12.717   12.717   12.806   12.806   12.944   12.944   13.159   13.159   13.759   13.759
   13.932   13.932   14.368   14.368   14.557   14.557   14.958   14.958   15.409   15.409
            0.500000  0.109117  0.000000
  -20.482  -20.482  -20.478  -20.478  -20.449  -20.449  -20.446  -20.446  -20.432  -20.432
  -20.426  -20.426  -20.417  -20.416  -20.412  -20.412  -20.385  -20.385  -20.379  -20.379
  -11.666  -11.666  -11.565  -11.565   -6.498   -6.498   -6.243   -6.243   -2.717   -2.717
   -2.426   -2.425   -1.858   -1.858   -1.433   -1.433   -0.566   -0.566   -0.224   -0.224
    2.161    2.161    2.608    2.609    3.770    3.770    4.118    4.118    4.437    4.437
    4.957    4.957    6.659    6.659    7.303    7.303    7.549    7.549    8.164    8.164
    8.494    8.494    9.130    9.130    9.708    9.708    9.927    9.927   10.381   10.381
   10.881   10.881   11.135   11.136   11.809   11.809   12.258   12.258   12.437   12.437
   12.675   12.675   12.782   12.782   12.869   12.869   12.974   12.975   13.576   13.576
   13.723   13.724   14.364   14.365   14.599   14.599   14.855   14.855   15.254   15.254
            0.500000  0.130940  0.000000
  -20.483  -20.483  -20.479  -20.478  -20.449  -20.449  -20.446  -20.446  -20.432  -20.432
  -20.426  -20.425  -20.417  -20.417  -20.411  -20.411  -20.385  -20.385  -20.379  -20.378
  -11.656  -11.656  -11.555  -11.555   -6.472   -6.472   -6.225   -6.224   -2.805   -2.805
   -2.521   -2.521   -1.916   -1.916   -1.491   -1.491   -0.645   -0.645   -0.229   -0.229
    2.203    2.203    2.742    2.742    3.864    3.864    4.233    4.233    4.618    4.618
    5.014    5.014    6.664    6.664    7.325    7.326    7.525    7.525    8.136    8.136
    8.489    8.489    9.057    9.057    9.714    9.714    9.952    9.952   10.425   10.426
   10.986   10.986   11.240   11.240   11.790   11.790   12.167   12.167   12.407   12.407
   12.541   12.541   12.769   12.769   12.803   12.803   12.927   12.928   13.434   13.434
   13.540   13.540   14.329   14.329   14.581   14.581   14.751   14.752   15.051   15.051
            0.500000  0.152764  0.000000
  -20.483  -20.483  -20.479  -20.479  -20.449  -20.449  -20.446  -20.446  -20.432  -20.432
  -20.425  -20.425  -20.417  -20.417  -20.411  -20.411  -20.385  -20.385  -20.378  -20.378
  -11.644  -11.643  -11.544  -11.543   -6.441   -6.441   -6.203   -6.203   -2.903   -2.903
   -2.618   -2.618   -1.978   -1.977   -1.561   -1.561   -0.725   -0.725   -0.248   -0.248
    2.275    2.275    2.899    2.899    3.932    3.932    4.357    4.357    4.781    4.781
    5.125    5.125    6.669    6.669    7.341    7.341    7.520    7.520    8.126    8.126
    8.481    8.481    8.990    8.990    9.688    9.688   10.010   10.010   10.450   10.450
   11.116   11.116   11.318   11.318   11.762   11.763   12.044   12.044   12.275   12.275
   12.482   12.482   12.690   12.690   12.778   12.778   12.940   12.941   13.310   13.310
   13.449   13.449   14.247   14.247   14.467   14.467   14.680   14.680   14.868   14.868
            0.500000  0.174587  0.000000
  -20.484  -20.484  -20.479  -20.479  -20.450  -20.450  -20.446  -20.446  -20.431  -20.431
  -20.425  -20.425  -20.417  -20.417  -20.411  -20.411  -20.385  -20.385  -20.378  -20.378
  -11.630  -11.630  -11.531  -11.531   -6.407   -6.407   -6.180   -6.180   -3.005   -3.005
   -2.713   -2.713   -2.045   -2.045   -1.642   -1.642   -0.802   -0.802   -0.277   -0.277
    2.372    2.372    3.074    3.074    3.981    3.981    4.466    4.466    4.928    4.928
    5.293    5.293    6.674    6.674    7.348    7.348    7.542    7.543    8.122    8.122
    8.474    8.474    8.946    8.947    9.650    9.650   10.077   10.077   10.460   10.461
   11.183   11.184   11.409   11.409   11.707   11.708   11.931   11.931   12.130   12.130
   12.436   12.436   12.607   12.607   12.767   12.767   12.937   12.937   13.199   13.199
   13.470   13.470   14.127   14.127   14.300   14.300   14.581   14.582   14.724   14.724
            0.500000  0.196411  0.000000
  -20.485  -20.484  -20.480  -20.480  -20.450  -20.450  -20.446  -20.446  -20.431  -20.431
  -20.424  -20.424  -20.417  -20.417  -20.410  -20.410  -20.385  -20.385  -20.378  -20.378
  -11.616  -11.616  -11.518  -11.518   -6.370   -6.370   -6.155   -6.155   -3.109   -3.109
   -2.805   -2.805   -2.123   -2.123   -1.731   -1.731   -0.870   -0.870   -0.311   -0.311
    2.489    2.489    3.260    3.260    4.016    4.016    4.547    4.547    5.082    5.082
    5.492    5.492    6.680    6.680    7.355    7.356    7.587    7.587    8.117    8.117
    8.475    8.475    8.933    8.933    9.606    9.606   10.142   10.142   10.468   10.468
   11.117   11.117   11.507   11.507   11.611   11.611   11.906   11.906   12.005   12.005
   12.372   12.372   12.582   12.582   12.700   12.700   12.932   12.932   13.139   13.139
   13.533   13.533   13.973   13.973   14.152   14.153   14.430   14.430   14.599   14.599
            0.500000  0.218234  0.000000
  -20.485  -20.485  -20.481  -20.480  -20.450  -20.450  -20.446  -20.446  -20.431  -20.431
  -20.424  -20.424  -20.417  -20.417  -20.410  -20.410  -20.385  -20.385  -20.378  -20.378
  -11.602  -11.602  -11.504  -11.504   -6.331   -6.331   -6.130   -6.130   -3.209   -3.209
   -2.890   -2.890   -2.210   -2.210   -1.827   -1.827   -0.927   -0.927   -0.348   -0.348
    2.618    2.618    3.448    3.448    4.042    4.042    4.607    4.607    5.246    5.246
    5.699    5.699    6.692    6.692    7.371    7.371    7.646    7.646    8.108    8.108
    8.493    8.493    8.948    8.948    9.559    9.559   10.197   10.197   10.481   10.481
   10.984   10.985   11.344   11.344   11.683   11.683   11.820   11.820   12.021   12.021
   12.339   12.339   12.536   12.537   12.641   12.641   12.926   12.926   13.121   13.121
   13.574   13.574   13.807   13.807   14.041   14.041   14.291   14.291   14.471   14.471
            0.500000  0.240057  0.000000
  -20.486  -20.486  -20.481  -20.481  -20.450  -20.450  -20.446  -20.446  -20.431  -20.431
  -20.423  -20.423  -20.417  -20.417  -20.409  -20.409  -20.385  -20.385  -20.378  -20.378
  -11.587  -11.587  -11.490  -11.490   -6.291   -6.291   -6.104   -6.104   -3.303   -3.303
   -2.968   -2.968   -2.307   -2.307   -1.928   -1.927   -0.970   -0.970   -0.385   -0.385
    2.753    2.753    3.627    3.627    4.068    4.068    4.656    4.656    5.409    5.409
    5.900    5.900    6.714    6.714    7.396    7.396    7.712    7.713    8.104    8.104
    8.529    8.529    8.986    8.986    9.510    9.510   10.235   10.235   10.498   10.498
   10.833   10.834   11.155   11.155   11.538   11.538   11.876   11.876   12.049   12.050
   12.352   12.352   12.447   12.447   12.650   12.650   12.900   12.900   13.134   13.135
   13.546   13.547   13.669   13.669   13.925   13.925   14.200   14.200   14.401   14.401
            0.500000  0.261881  0.000000
  -20.486  -20.486  -20.482  -20.481  -20.450  -20.450  -20.446  -20.446  -20.430  -20.430
  -20.423  -20.423  -20.417  -20.417  -20.409  -20.409  -20.385  -20.385  -20.378  -20.378
  -11.573  -11.573  -11.476  -11.476   -6.250   -6.250   -6.080   -6.080   -3.388   -3.388
   -3.036   -3.036   -2.409   -2.409   -2.032   -2.032   -1.000   -0.999   -0.419   -0.419
    2.889    2.889    3.770    3.770    4.115    4.115    4.701    4.701    5.559    5.559
    6.090    6.090    6.749    6.749    7.430    7.431    7.784    7.784    8.116    8.117
    8.580    8.580    9.042    9.042    9.464    9.464   10.247   10.247   10.481   10.481
   10.723   10.723   10.987   10.987   11.335   11.336   11.902   11.902   12.026   12.026
   12.332   12.333   12.413   12.413   12.702   12.702   12.866   12.866   13.166   13.166
   13.467   13.467   13.580   13.580   13.806   13.806   14.102   14.102   14.460   14.460
            0.500000  0.283704  0.000000
  -20.487  -20.487  -20.482  -20.482  -20.451  -20.450  -20.446  -20.446  -20.430  -20.430
  -20.422  -20.422  -20.417  -20.417  -20.408  -20.408  -20.385  -20.385  -20.378  -20.378
  -11.559  -11.559  -11.463  -11.463   -6.210   -6.210   -6.056   -6.056   -3.463   -3.463
   -3.094   -3.094   -2.513   -2.513   -2.138   -2.138   -1.017   -1.017   -0.450   -0.450
    3.021    3.021    3.845    3.845    4.212    4.212    4.743    4.743    5.687    5.687
    6.265    6.265    6.800    6.800    7.472    7.472    7.860    7.860    8.155    8.155
    8.641    8.641    9.109    9.109    9.425    9.425   10.215   10.215   10.376   10.377
   10.707   10.707   10.860   10.860   11.137   11.137   11.795   11.796   12.027   12.027
   12.244   12.244   12.413   12.414   12.742   12.742   12.869   12.869   13.202   13.202
   13.381   13.381   13.554   13.554   13.722   13.722   14.025   14.025   14.575   14.575
            0.500000  0.305528  0.000000
  -20.488  -20.488  -20.483  -20.482  -20.451  -20.451  -20.446  -20.446  -20.430  -20.430
  -20.422  -20.422  -20.417  -20.417  -20.408  -20.408  -20.385  -20.385  -20.378  -20.378
  -11.546  -11.546  -11.451  -11.451   -6.171   -6.171   -6.035   -6.035   -3.526   -3.526
   -3.143   -3.143   -2.613   -2.613   -2.244   -2.244   -1.026   -1.026   -0.478   -0.478
    3.146    3.146    3.860    3.860    4.349    4.349    4.782    4.782    5.787    5.787
    6.423    6.423    6.867    6.867    7.517    7.518    7.939    7.939    8.221    8.221
    8.707    8.707    9.174    9.174    9.405    9.405   10.104   10.104   10.274   10.274
   10.669   10.670   10.807   10.807   10.985   10.985   11.635   11.635   12.002   12.002
   12.110   12.110   12.457   12.457   12.662   12.662   12.955   12.955   13.185   13.185
   13.336   13.336   13.580   13.580   13.701   13.702   14.011   14.011   14.665   14.665
            0.500000  0.327351  0.000000
  -20.488  -20.488  -20.483  -20.483  -20.451  -20.451  -20.446  -20.446  -20.430  -20.430
  -20.422  -20.422  -20.416  -20.416  -20.408  -20.408  -20.385  -20.385  -20.378  -20.378
  -11.534  -11.534  -11.440  -11.440   -6.136   -6.136   -6.017   -6.016   -3.576   -3.576
   -3.182   -3.182   -2.704   -2.704   -2.345   -2.345   -1.027   -1.027   -0.502   -0.502
    3.260    3.260    3.847    3.847    4.490    4.491    4.818    4.818    5.856    5.856
    6.565    6.565    6.948    6.948    7.564    7.564    8.023    8.023    8.310    8.310
    8.775    8.775    9.219    9.219    9.420    9.421    9.939    9.939   10.196   10.197
   10.571   10.571   10.725   10.725   10.979   10.979   11.457   11.457   11.900   11.900
   12.019   12.019   12.510   12.510   12.553   12.553   13.029   13.029   13.119   13.119
   13.324   13.324   13.617   13.618   13.758   13.758   14.082   14.082   14.658   14.658
            0.500000  0.349175  0.000000
  -20.489  -20.488  -20.483  -20.483  -20.451  -20.451  -20.446  -20.446  -20.430  -20.430
  -20.421  -20.421  -20.416  -20.416  -20.407  -20.407  -20.385  -20.385  -20.378  -20.378
  -11.524  -11.524  -11.431  -11.430   -6.105   -6.105   -6.001   -6.001   -3.614   -3.614
   -3.213   -3.213   -2.780   -2.780   -2.441   -2.441   -1.024   -1.024   -0.523   -0.523
    3.364    3.364    3.822    3.822    4.617    4.617    4.849    4.849    5.899    5.899
    6.691    6.691    7.035    7.035    7.604    7.604    8.113    8.113    8.418    8.418
    8.836    8.836    9.235    9.235    9.467    9.467    9.773    9.774   10.125   10.125
   10.436   10.436   10.638   10.638   11.046   11.046   11.277   11.277   11.753   11.753
   11.986   11.986   12.404   12.404   12.593   12.593   12.981   12.981   13.146   13.146
   13.321   13.321   13.659   13.659   13.842   13.842   14.223   14.223   14.586   14.586
            0.500000  0.370998  0.000000
  -20.489  -20.489  -20.484  -20.483  -20.451  -20.451  -20.447  -20.446  -20.430  -20.430
  -20.421  -20.421  -20.416  -20.416  -20.407  -20.407  -20.385  -20.385  -20.378  -20.378
  -11.516  -11.516  -11.423  -11.423   -6.078   -6.078   -5.989   -5.989   -3.641   -3.641
   -3.239   -3.239   -2.836   -2.836   -2.525   -2.525   -1.018   -1.018   -0.540   -0.540
    3.454    3.454    3.790    3.790    4.719    4.719    4.875    4.875    5.922    5.923
    6.800    6.800    7.118    7.118    7.633    7.633    8.209    8.209    8.539    8.539
    8.873    8.873    9.253    9.253    9.469    9.469    9.673    9.673   10.058   10.059
   10.298   10.298   10.580   10.581   11.059   11.059   11.154   11.154   11.636   11.636
   11.967   11.967   12.285   12.285   12.642   12.642   12.888   12.888   13.211   13.211
   13.331   13.331   13.714   13.714   13.923   13.923   14.368   14.368   14.524   14.524
            0.500000  0.392821  0.000000
  -20.489  -20.489  -20.484  -20.484  -20.451  -20.451  -20.447  -20.446  -20.429  -20.429
  -20.421  -20.421  -20.416  -20.416  -20.407  -20.407  -20.385  -20.385  -20.378  -20.378
  -11.510  -11.510  -11.417  -11.417   -6.059   -6.059   -5.981   -5.981   -3.657   -3.657
   -3.261   -3.261   -2.871   -2.871   -2.594   -2.594   -1.013   -1.013   -0.553   -0.553
    3.533    3.533    3.753    3.753    4.793    4.793    4.895    4.895    5.933    5.934
    6.888    6.888    7.185    7.185    7.649    7.649    8.306    8.307    8.666    8.666
    8.870    8.870    9.290    9.290    9.363    9.363    9.683    9.683    9.999    9.999
   10.190   10.190   10.552   10.552   10.913   10.914   11.171   11.171   11.588   11.588
   11.934   11.934   12.203   12.203   12.667   12.667   12.807   12.807   13.269   13.269
   13.350   13.350   13.782   13.782   13.986   13.986   14.402   14.402   14.548   14.548
            0.500000  0.414645  0.000000
  -20.489  -20.489  -20.484  -20.484  -20.451  -20.451  -20.447  -20.446  -20.429  -20.429
  -20.421  -20.421  -20.416  -20.416  -20.407  -20.407  -20.385  -20.385  -20.378  -20.378
  -11.507  -11.507  -11.414  -11.414   -6.046   -6.046   -5.976   -5.976   -3.665   -3.665
   -3.275   -3.275   -2.888   -2.888   -2.640   -2.640   -1.008   -1.008   -0.561   -0.561
    3.598    3.598    3.713    3.713    4.836    4.836    4.909    4.909    5.938    5.938
    6.946    6.946    7.230    7.230    7.654    7.654    8.391    8.391    8.760    8.761
    8.870    8.870    9.191    9.191    9.395    9.396    9.671    9.672    9.984    9.984
   10.110   10.111   10.564   10.564   10.776   10.776   11.166   11.166   11.616   11.616
   11.865   11.865   12.178   12.178   12.663   12.664   12.761   12.761   13.309   13.309
   13.367   13.367   13.849   13.849   14.011   14.012   14.398   14.399   14.551   14.552
            0.500000  0.436468  0.000000
  -20.489  -20.489  -20.484  -20.484  -20.451  -20.451  -20.447  -20.446  -20.429  -20.429
  -20.421  -20.421  -20.416  -20.416  -20.407  -20.407  -20.385  -20.385  -20.378  -20.378
  -11.506  -11.506  -11.413  -11.413   -6.042   -6.042   -5.974   -5.974   -3.668   -3.667
   -3.280   -3.280   -2.892   -2.892   -2.657   -2.657   -1.007   -1.007   -0.564   -0.564
    3.639    3.639    3.680    3.680    4.850    4.851    4.914    4.914    5.939    5.939
    6.967    6.967    7.245    7.245    7.655    7.655    8.428    8.428    8.765    8.765
    8.926    8.926    9.102    9.103    9.445    9.445    9.638    9.638   10.016   10.016
   10.056   10.057   10.595   10.595   10.701   10.701   11.158   11.158   11.654   11.654
   11.814   11.814   12.177   12.177   12.654   12.654   12.751   12.751   13.323   13.323
   13.374   13.374   13.882   13.882   14.009   14.009   14.409   14.409   14.529   14.529
            0.475000  0.414645  0.000000
  -20.489  -20.489  -20.484  -20.484  -20.451  -20.451  -20.447  -20.446  -20.430  -20.429
  -20.421  -20.421  -20.417  -20.416  -20.407  -20.407  -20.386  -20.385  -20.378  -20.378
  -11.521  -11.500  -11.417  -11.417   -6.086   -6.012   -5.978   -5.962   -3.714   -3.638
   -3.299   -3.257   -2.903   -2.859   -2.642   -2.561   -1.035   -0.988   -0.563   -0.554
    3.514    3.647    3.665    3.801    4.812    4.840    4.890    4.930    5.913    5.968
    6.903    6.964    7.199    7.229    7.642    7.645    8.282    8.408    8.656    8.716
    8.915    8.945    9.120    9.245    9.339    9.537    9.609    9.711    9.889   10.032
   10.156   10.238   10.504   10.625   10.659   10.922   11.092   11.243   11.488   11.704
   11.790   11.972   12.086   12.266   12.629   12.670   12.676   12.811   13.155   13.265
   13.356   13.509   13.805   13.905   13.955   14.093   14.374   14.485   14.511   14.662
            0.450000  0.392821  0.000000
  -20.489  -20.488  -20.483  -20.483  -20.452  -20.451  -20.447  -20.447  -20.430  -20.429
  -20.421  -20.421  -20.417  -20.416  -20.408  -20.406  -20.386  -20.386  -20.379  -20.377
  -11.551  -11.509  -11.428  -11.426   -6.141   -5.996   -5.982   -5.933   -3.786   -3.586
   -3.364   -3.190   -2.891   -2.743   -2.594   -2.366   -1.090   -0.953   -0.563   -0.523
    3.335    3.656    3.694    3.903    4.713    4.790    4.844    4.963    5.874    5.999
    6.749    6.920    7.088    7.182    7.578    7.642    8.028    8.230    8.531    8.667
    8.921    8.955    9.115    9.214    9.333    9.575    9.741    9.785    9.958   10.059
   10.290   10.440   10.548   10.680   10.699   10.938   11.208   11.327   11.451   11.690
   11.815   12.007   12.168   12.298   12.481   12.604   12.658   12.868   12.958   13.275
   13.339   13.582   13.760   13.932   13.953   14.092   14.396   14.510   14.646   14.823
            0.425000  0.370998  0.000000
  -20.488  -20.487  -20.483  -20.482  -20.452  -20.451  -20.448  -20.447  -20.430  -20.428
  -20.422  -20.421  -20.417  -20.415  -20.408  -20.406  -20.386  -20.386  -20.380  -20.377
  -11.598  -11.541  -11.438  -11.430   -6.206   -5.999   -5.973   -5.893   -3.850   -3.535
   -3.413   -3.082   -2.869   -2.583   -2.490   -2.139   -1.161   -0.893   -0.570   -0.469
    3.134    3.677    3.729    3.982    4.540    4.712    4.800    5.004    5.804    6.006
    6.518    6.844    6.972    7.101    7.452    7.626    7.789    7.998    8.416    8.682
    8.791    8.935    9.080    9.263    9.337    9.566    9.762   10.004   10.096   10.208
   10.280   10.567   10.662   10.793   10.813   10.945   11.302   11.386   11.579   11.709
   11.880   11.981   12.234   12.248   12.347   12.422   12.610   12.909   12.939   13.259
   13.481   13.591   13.764   13.879   14.085   14.166   14.425   14.550   14.746   14.845
            0.400000  0.349175  0.000000
  -20.487  -20.485  -20.482  -20.481  -20.453  -20.452  -20.449  -20.448  -20.431  -20.428
  -20.422  -20.421  -20.417  -20.415  -20.409  -20.406  -20.387  -20.386  -20.380  -20.377
  -11.664  -11.597  -11.444  -11.427   -6.278   -6.018   -5.946   -5.842   -3.887   -3.560
   -3.343   -2.948   -2.835   -2.472   -2.286   -1.906   -1.229   -0.807   -0.585   -0.392
    2.921    3.690    3.773    4.034    4.319    4.615    4.744    5.049    5.683    5.961
    6.232    6.784    6.884    6.990    7.274    7.433    7.729    7.841    8.268    8.657
    8.701    8.924    9.024    9.340    9.427    9.608    9.775   10.115   10.129   10.204
   10.388   10.601   10.790   10.826   10.953   11.245   11.334   11.409   11.506   11.825
   11.893   12.006   12.116   12.271   12.306   12.379   12.624   12.848   13.105   13.299
   13.368   13.738   13.812   14.028   14.214   14.275   14.431   14.665   14.805   14.856
            0.375000  0.327351  0.000000
  -20.486  -20.484  -20.480  -20.480  -20.454  -20.452  -20.450  -20.449  -20.431  -20.428
  -20.423  -20.421  -20.418  -20.414  -20.409  -20.405  -20.387  -20.387  -20.381  -20.378
  -11.745  -11.669  -11.449  -11.420   -6.352   -6.045   -5.904   -5.781   -3.894   -3.592
   -3.221   -2.843   -2.751   -2.366   -2.058   -1.684   -1.272   -0.702   -0.593   -0.294
    2.713    3.658    3.820    4.061    4.106    4.489    4.662    5.088    5.512    5.882
    5.915    6.714    6.822    6.903    7.079    7.190    7.626    7.823    8.142    8.509
    8.721    8.952    9.052    9.399    9.501    9.700    9.802   10.020   10.105   10.254
   10.439   10.586   10.798   10.967   11.026   11.197   11.392   11.449   11.628   11.855
   11.881   12.025   12.137   12.308   12.388   12.557   12.649   12.791   13.072   13.322
   13.561   13.831   13.953   14.146   14.243   14.428   14.523   14.776   14.878   14.988
            0.350000  0.305528  0.000000
  -20.485  -20.482  -20.479  -20.478  -20.455  -20.453  -20.451  -20.450  -20.432  -20.428
  -20.424  -20.421  -20.418  -20.413  -20.409  -20.405  -20.388  -20.387  -20.382  -20.378
  -11.837  -11.754  -11.452  -11.410   -6.425   -6.076   -5.847   -5.707   -3.871   -3.597
   -3.089   -2.805   -2.602   -2.254   -1.842   -1.488   -1.265   -0.658   -0.504   -0.184
    2.531    3.524    3.848    3.961    4.092    4.329    4.534    5.087    5.360    5.594
    5.814    6.594    6.666    6.802    6.959    7.094    7.486    7.767    8.145    8.364
    8.752    9.013    9.105    9.406    9.603    9.784    9.795    9.920   10.088   10.272
   10.412   10.485   10.727   10.872   11.030   11.255   11.357   11.462   11.710   11.907
   12.041   12.138   12.308   12.327   12.475   12.613   12.749   12.907   13.035   13.483
   13.685   13.919   14.083   14.249   14.367   14.534   14.602   14.796   14.955   15.065
            0.325000  0.283704  0.000000
  -20.483  -20.480  -20.478  -20.476  -20.456  -20.454  -20.452  -20.451  -20.432  -20.428
  -20.425  -20.421  -20.418  -20.412  -20.409  -20.404  -20.389  -20.388  -20.383  -20.378
  -11.937  -11.846  -11.454  -11.401   -6.490   -6.107   -5.774   -5.620   -3.821   -3.573
   -2.970   -2.783   -2.463   -2.136   -1.651   -1.327   -1.196   -0.652   -0.336   -0.078
    2.403    3.319    3.828    3.873    4.103    4.176    4.354    5.006    5.264    5.348
    5.764    6.429    6.491    6.608    6.795    7.260    7.326    7.690    8.230    8.244
    8.786    9.053    9.168    9.385    9.674    9.725    9.800    9.933   10.051   10.167
   10.281   10.443   10.643   10.847   11.057   11.254   11.332   11.455   11.638   11.963
   12.153   12.219   12.368   12.501   12.621   12.724   12.886   13.093   13.346   13.373
   13.909   14.057   14.223   14.287   14.432   14.574   14.648   14.846   14.947   15.179
            0.300000  0.261881  0.000000
  -20.482  -20.478  -20.476  -20.475  -20.458  -20.456  -20.454  -20.452  -20.432  -20.428
  -20.426  -20.422  -20.418  -20.411  -20.409  -20.404  -20.390  -20.388  -20.384  -20.379
  -12.041  -11.944  -11.457  -11.392   -6.543   -6.133   -5.684   -5.519   -3.749   -3.521
   -2.913   -2.735   -2.347   -2.018   -1.492   -1.212   -1.062   -0.620   -0.172    0.009
    2.355    3.128    3.700    3.824    3.910    4.117    4.261    4.901    5.050    5.344
    5.723    6.230    6.313    6.420    6.667    7.168    7.393    7.724    8.116    8.339
    8.817    9.050    9.191    9.392    9.522    9.655    9.765    9.928   10.033   10.059
   10.217   10.469   10.683   10.881   11.001   11.157   11.377   11.527   11.582   11.779
   12.219   12.285   12.375   12.695   12.724   13.002   13.060   13.261   13.560   13.726
   14.018   14.122   14.255   14.324   14.385   14.651   14.698   14.797   15.062   15.261
            0.275000  0.240057  0.000000
  -20.480  -20.477  -20.474  -20.473  -20.459  -20.457  -20.455  -20.454  -20.432  -20.428
  -20.427  -20.422  -20.419  -20.410  -20.409  -20.403  -20.391  -20.389  -20.384  -20.379
  -12.146  -12.042  -11.461  -11.383   -6.582   -6.151   -5.578   -5.403   -3.659   -3.447
   -2.941   -2.640   -2.241   -1.919   -1.373   -1.149   -0.890   -0.546   -0.082    0.104
    2.394    3.004    3.519    3.660    3.772    3.967    4.308    4.804    4.925    5.354
    5.681    6.033    6.130    6.248    6.557    7.038    7.391    7.929    8.033    8.383
    8.831    9.006    9.138    9.302    9.415    9.497    9.660    9.890   10.079   10.121
   10.247   10.479   10.739   10.953   10.965   11.109   11.303   11.524   11.670   11.694
   12.205   12.287   12.395   12.761   12.853   13.145   13.345   13.601   13.840   13.968
   14.047   14.084   14.170   14.356   14.496   14.672   14.794   14.843   15.116   15.332
            0.250000  0.218234  0.000000
  -20.480  -20.476  -20.472  -20.471  -20.460  -20.458  -20.457  -20.455  -20.432  -20.429
  -20.428  -20.422  -20.419  -20.409  -20.408  -20.402  -20.392  -20.390  -20.385  -20.380
  -12.249  -12.140  -11.467  -11.375   -6.603   -6.157   -5.456   -5.274   -3.558   -3.355
   -3.004   -2.546   -2.134   -1.843   -1.302   -1.142   -0.719   -0.437   -0.076    0.204
    2.487    2.970    3.339    3.448    3.672    3.886    4.306    4.786    4.862    5.327
    5.628    5.856    5.961    6.096    6.450    6.944    7.357    7.886    8.277    8.351
    8.757    8.944    9.021    9.070    9.301    9.498    9.633    9.852   10.107   10.236
   10.314   10.523   10.738   10.905   11.014   11.163   11.261   11.488   11.671   11.762
   12.157   12.375   12.501   12.759   12.946   13.248   13.657   13.766   13.825   13.915
   14.026   14.034   14.323   14.533   14.579   14.855   14.915   14.983   15.280   15.305
            0.225000  0.196411  0.000000
  -20.479  -20.477  -20.471  -20.469  -20.460  -20.459  -20.458  -20.457  -20.433  -20.430
  -20.428  -20.421  -20.419  -20.408  -20.407  -20.401  -20.393  -20.390  -20.385  -20.380
  -12.349  -12.234  -11.473  -11.369   -6.607   -6.150   -5.318   -5.133   -3.458   -3.251
   -3.068   -2.477   -2.022   -1.777   -1.290   -1.198   -0.585   -0.325   -0.083    0.275
    2.556    2.987    3.243    3.300    3.624    3.846    4.261    4.813    4.864    5.254
    5.539    5.697    5.840    5.988    6.348    6.883    7.330    7.799    8.261    8.513
    8.594    8.814    8.887    8.911    9.305    9.428    9.748    9.817   10.077   10.319
   10.428   10.607   10.682   10.871   11.119   11.191   11.280   11.508   11.666   11.775
   12.341   12.446   12.626   12.703   13.011   13.267   13.530   13.731   13.793   13.888
   14.020   14.158   14.443   14.517   14.869   14.939   15.100   15.253   15.329   15.411
            0.200000  0.174587  0.000000
  -20.480  -20.477  -20.469  -20.468  -20.461  -20.459  -20.459  -20.458  -20.433  -20.432
  -20.428  -20.421  -20.419  -20.407  -20.407  -20.401  -20.393  -20.391  -20.386  -20.381
  -12.442  -12.323  -11.481  -11.364   -6.592   -6.128   -5.168   -4.980   -3.391   -3.155
   -3.078   -2.445   -1.908   -1.706   -1.356   -1.298   -0.515   -0.253   -0.067    0.318
    2.542    2.963    3.186    3.409    3.602    3.878    4.214    4.788    4.963    5.157
    5.430    5.550    5.742    5.949    6.266    6.842    7.313    7.718    8.148    8.353
    8.499    8.660    8.742    8.997    9.322    9.478    9.734    9.911   10.088   10.280
   10.512   10.636   10.712   10.986   11.114   11.251   11.323   11.562   11.725   11.903
   12.387   12.552   12.620   12.802   13.023   13.141   13.338   13.681   13.812   13.963
   14.017   14.119   14.253   14.688   14.918   14.994   15.241   15.299   15.412   15.515
            0.175000  0.152764  0.000000
  -20.481  -20.478  -20.468  -20.466  -20.462  -20.460  -20.459  -20.458  -20.434  -20.433
  -20.428  -20.421  -20.420  -20.407  -20.406  -20.400  -20.394  -20.391  -20.386  -20.381
  -12.527  -12.404  -11.489  -11.361   -6.561   -6.093   -5.005   -4.818   -3.402   -3.070
   -2.991   -2.446   -1.794   -1.634   -1.498   -1.410   -0.513   -0.236   -0.040    0.343
    2.472    2.970    3.202    3.557    3.638    3.965    4.180    4.774    5.043    5.083
    5.377    5.445    5.652    5.938    6.222    6.814    7.308    7.637    7.997    8.167
    8.346    8.500    8.652    9.036    9.345    9.554    9.792   10.049   10.097   10.239
   10.537   10.629   10.820   10.995   11.189   11.326   11.458   11.653   11.861   12.017
   12.257   12.511   12.729   12.882   12.994   13.074   13.266   13.576   13.797   13.901
   13.936   14.074   14.285   14.499   14.855   14.971   15.148   15.309   15.316   15.440
            0.150000  0.130940  0.000000
  -20.483  -20.479  -20.467  -20.466  -20.463  -20.461  -20.458  -20.457  -20.435  -20.434
  -20.427  -20.421  -20.420  -20.406  -20.405  -20.400  -20.395  -20.391  -20.386  -20.381
  -12.603  -12.477  -11.498  -11.358   -6.517   -6.047   -4.834   -4.651   -3.458   -2.960
   -2.886   -2.470   -1.735   -1.685   -1.557   -1.485   -0.577   -0.275   -0.016    0.355
    2.382    3.059    3.277    3.542    3.819    4.000    4.167    4.786    5.023    5.110
    5.334    5.503    5.607    5.922    6.207    6.799    7.316    7.546    7.820    8.030
    8.198    8.374    8.627    8.996    9.287    9.580    9.960   10.050   10.105   10.395
   10.512   10.655   10.827   11.115   11.240   11.389   11.526   11.787   11.946   12.102
   12.281   12.393   12.752   12.867   13.062   13.127   13.199   13.383   13.504   13.824
   14.046   14.059   14.248   14.415   14.550   14.824   14.906   15.001   15.320   15.396
            0.125000  0.109117  0.000000
  -20.484  -20.480  -20.467  -20.466  -20.463  -20.461  -20.457  -20.456  -20.437  -20.435
  -20.427  -20.421  -20.420  -20.406  -20.404  -20.399  -20.396  -20.391  -20.386  -20.382
  -12.669  -12.541  -11.507  -11.357   -6.462   -5.992   -4.659   -4.482   -3.521   -2.848
   -2.803   -2.492   -1.915   -1.746   -1.551   -1.399   -0.695   -0.372    0.015    0.368
    2.289    3.183    3.334    3.650    3.858    3.966    4.181    4.813    4.968    5.250
    5.298    5.510    5.789    5.917    6.198    6.791    7.325    7.449    7.686    7.919
    8.090    8.300    8.635    8.939    9.224    9.562    9.977   10.038   10.198   10.399
   10.538   10.760   10.913   11.126   11.285   11.388   11.604   11.812   12.101   12.140
   12.355   12.456   12.582   12.867   12.957   13.156   13.210   13.352   13.433   13.557
   13.968   14.069   14.175   14.294   14.330   14.539   14.680   14.944   15.156   15.335
            0.100000  0.087294  0.000000
  -20.486  -20.481  -20.468  -20.466  -20.463  -20.461  -20.456  -20.455  -20.438  -20.436
  -20.426  -20.421  -20.419  -20.405  -20.403  -20.400  -20.396  -20.390  -20.386  -20.382
  -12.724  -12.594  -11.515  -11.357   -6.404   -5.934   -4.488   -4.316   -3.577   -2.806
   -2.721   -2.481   -2.085   -1.902   -1.462   -1.309   -0.840   -0.515    0.054    0.387
    2.205    3.197    3.465    3.779    3.813    3.937    4.232    4.820    4.948    5.201
    5.475    5.558    5.858    6.122    6.187    6.782    7.250    7.436    7.631    7.842
    8.045    8.274    8.645    8.874    9.207    9.539    9.909   10.016   10.137   10.484
   10.526   10.688   11.046   11.067   11.350   11.530   11.659   11.885   11.934   12.255
   12.331   12.493   12.667   12.689   12.857   13.135   13.255   13.342   13.489   13.565
   13.682   13.873   14.039   14.210   14.300   14.435   14.577   14.849   14.978   15.102
            0.075000  0.065470  0.000000
  -20.487  -20.482  -20.469  -20.467  -20.462  -20.460  -20.456  -20.454  -20.438  -20.437
  -20.426  -20.421  -20.419  -20.405  -20.403  -20.400  -20.397  -20.390  -20.386  -20.382
  -12.768  -12.636  -11.522  -11.357   -6.346   -5.879   -4.332   -4.159   -3.620   -2.848
   -2.636   -2.446   -2.211   -2.047   -1.383   -1.237   -0.980   -0.671    0.094    0.409
    2.137    3.153    3.589    3.703    3.790    4.039    4.366    4.788    4.996    5.147
    5.442    5.804    5.861    6.159    6.413    6.762    7.148    7.451    7.675    7.819
    8.062    8.295    8.640    8.813    9.242    9.520    9.799    9.947   10.030   10.299
   10.643   10.686   10.871   11.226   11.419   11.555   11.718   11.762   12.046   12.144
   12.301   12.479   12.578   12.698   13.088   13.113   13.207   13.239   13.407   13.452
   13.696   13.803   14.004   14.236   14.326   14.464   14.558   14.640   14.774   14.855
            0.050000  0.043647  0.000000
  -20.488  -20.483  -20.470  -20.467  -20.462  -20.459  -20.455  -20.454  -20.439  -20.438
  -20.426  -20.422  -20.419  -20.404  -20.402  -20.400  -20.397  -20.389  -20.386  -20.382
  -12.799  -12.666  -11.527  -11.357   -6.298   -5.833   -4.209   -4.018   -3.653   -2.914
   -2.589   -2.428   -2.262   -2.164   -1.321   -1.206   -1.073   -0.809    0.127    0.429
    2.088    3.110    3.568    3.634    3.850    4.099    4.556    4.754    5.088    5.105
    5.409    5.766    6.078    6.124    6.638    6.738    7.080    7.445    7.773    7.859
    8.135    8.354    8.638    8.763    9.304    9.502    9.688    9.747    9.995   10.142
   10.550   10.629   10.977   11.195   11.384   11.555   11.713   11.800   11.835   12.249
   12.299   12.421   12.680   12.724   12.952   13.060   13.129   13.243   13.388   13.583
   13.784   13.849   14.057   14.147   14.256   14.435   14.564   14.648   14.770   14.793
            0.025000  0.021823  0.000000
  -20.489  -20.484  -20.470  -20.468  -20.461  -20.459  -20.455  -20.454  -20.440  -20.438
  -20.426  -20.422  -20.419  -20.404  -20.402  -20.400  -20.398  -20.389  -20.386  -20.382
  -12.818  -12.684  -11.531  -11.358   -6.266   -5.802   -4.134   -3.904   -3.679   -2.969
   -2.591   -2.412   -2.272   -2.231   -1.281   -1.235   -1.091   -0.902    0.149    0.442
    2.059    3.080    3.519    3.581    3.917    4.132    4.694    4.731    5.079    5.203
    5.369    5.722    6.077    6.224    6.707    6.785    7.048    7.433    7.851    7.928
    8.226    8.430    8.659    8.729    9.352    9.490    9.557    9.621    9.933   10.021
   10.441   10.616   10.983   11.118   11.444   11.552   11.619   11.724   11.959   12.154
   12.262   12.466   12.677   12.726   12.799   12.992   13.279   13.340   13.486   13.665
   13.762   13.874   14.020   14.093   14.228   14.287   14.551   14.857   14.916   14.974
            0.000000  0.000000  0.000000
  -20.489  -20.484  -20.471  -20.468  -20.461  -20.459  -20.455  -20.453  -20.440  -20.438
  -20.425  -20.422  -20.419  -20.404  -20.402  -20.400  -20.398  -20.389  -20.386  -20.382
  -12.825  -12.691  -11.532  -11.358   -6.254   -5.791   -4.109   -3.852   -3.696   -2.991
   -2.600   -2.397   -2.294   -2.236   -1.269   -1.251   -1.090   -0.933    0.157    0.446
    2.049    3.069    3.501    3.561    3.940    4.145    4.723    4.741    5.070    5.301
    5.309    5.705    6.058    6.271    6.701    6.827    7.041    7.426    7.887    7.953
    8.268    8.475    8.646    8.749    9.344    9.479    9.505    9.599    9.899    9.963
   10.409   10.620   10.926   11.108   11.541   11.555   11.590   11.616   12.075   12.096
   12.323   12.422   12.481   12.722   12.806   13.113   13.317   13.492   13.545   13.607
   13.724   13.828   13.856   14.039   14.451   14.497   14.518   14.556   14.976   15.058
